4.5824426524
66.547377
132.620140
198.797812
265.001907
331.216592
397.436575
463.659587
529.884493
596.110662
662.337714
728.565409
794.793586
861.022134
927.250974
993.480047
1059.709309
1125.938727
1192.168276
1258.397933
1324.627684
1390.857515
1457.087414
1523.317374
1589.547385
1655.777443
1722.007542
1788.237677
1854.467844
1920.698041
1986.928263
2053.158510
2119.388777
2185.619064
2251.849369
2318.079690
2384.310026
2450.540375
2516.770737
2583.001111
2649.231495
2715.461890
2781.692293
2847.922705
2914.153126
2980.383553
3046.613988
3112.844429
3179.074876
3245.305330
3311.535788
3377.766252
3443.996720
3510.227193
3576.457670
3642.688152
3708.918637
3775.149125
3841.379618
3907.610113
3973.840611
4040.071113
4106.301617
4172.532124
4238.762634
4304.993146
4371.223660
4437.454176
4503.684695
4569.915215
4636.145738
4702.376262
4768.606789
4834.837316
4901.067846
4967.298377
5033.528910
5099.759444
5165.989979
5232.220516
5298.451054
5364.681593
5430.912134
5497.142675
5563.373218
5629.603762
5695.834307
5762.064853
5828.295400
5894.525948
5960.756496
6026.987046
6093.217596
6159.448147
6225.678700
6291.909252
6358.139806
6424.370360
6490.600915
6556.831471
6623.062027
6689.292584
6755.523141
6821.753700
6887.984258
6954.214818
7020.445377
7086.675938
7152.906499
7219.137060
7285.367622
7351.598184
7417.828747
7484.059310
7550.289874
7616.520438
7682.751003
7748.981568
7815.212133
7881.442699
7947.673265
8013.903832
8080.134399
8146.364966
8212.595533
8278.826101
8345.056670
8411.287238
8477.517807
8543.748376
8609.978946
8676.209515
8742.440085
8808.670656
8874.901226
8941.131797
9007.362368
9073.592940
9139.823511
9206.054083
9272.284655
9338.515227
9404.745800
9470.976373
9537.206946
9603.437519
9669.668092
9735.898666
9802.129240
9868.359814
9934.590388
10000.820962
10067.051537
10133.282112
10199.512686
10265.743262
10331.973837
10398.204412
10464.434988
10530.665564
10596.896140
10663.126716
10729.357292
10795.587868
10861.818445
10928.049022
10994.279598
11060.510175
11126.740752
11192.971330
11259.201907
11325.432484
11391.663062
11457.893640
11524.124218
11590.354796
11656.585374
11722.815952
11789.046530
11855.277109
11921.507687
11987.738266
12053.968845
12120.199424
12186.430003
12252.660582
12318.891161
12385.121740
12451.352320
12517.582899
12583.813479
12650.044058
12716.274638
12782.505218
12848.735798
12914.966378
12981.196958
13047.427538
13113.658118
13179.888699
13246.119279
13312.349860
13378.580440
13444.811021
13511.041602
13577.272183
13643.502764
13709.733345
13775.963926
13842.194507
13908.425088
13974.655669
14040.886250
14107.116832
14173.347413
14239.577995
14305.808576
14372.039158
14438.269740
14504.500322
14570.730903
14636.961485
14703.192067
14769.422649
14835.653231
14901.883813
14968.114396
15034.344978
15100.575560
15166.806142
15233.036725
15299.267307
15365.497890
15431.728472
15497.959055
15564.189638
15630.420220
15696.650803
15762.881386
15829.111969
15895.342552
15961.573135
16027.803717
16094.034301
16160.264884
16226.495467
16292.726050
16358.956633
16425.187216
16491.417800
16557.648383
16623.878966
16690.109550
16756.340133
16822.570717
16888.801300
16955.031884
17021.262467
17087.493051
17153.723635
17219.954218
17286.184802
17352.415386
17418.645970
17484.876554
17551.107137
17617.337721
17683.568305
17749.798889
17816.029473
17882.260057
17948.490641
18014.721226
18080.951810
18147.182394
18213.412978
18279.643562
18345.874147
18412.104731
18478.335315
18544.565900
18610.796484
18677.027068
18743.257653
18809.488237
18875.718822
18941.949406
19008.179991
19074.410576
19140.641160
19206.871745
19273.102329
19339.332914
19405.563499
19471.794084
19538.024668
19604.255253
19670.485838
19736.716423
19802.947008
19869.177593
19935.408178
20001.638762
20067.869347
20134.099932
20200.330517
20266.561102
20332.791688
20399.022273
20465.252858
20531.483443
20597.714028
20663.944613
20730.175198
20796.405783
20862.636369
20928.866954
20995.097539
21061.328124
21127.558710
21193.789295
21260.019880
21326.250466
21392.481051
21458.711637
21524.942222
21591.172807
21657.403393
21723.633978
21789.864564
21856.095149
21922.325735
21988.556320
22054.786906
22121.017492
22187.248077
22253.478663
22319.709248
22385.939834
22452.170420
22518.401005
22584.631591
22650.862177
22717.092762
22783.323348
22849.553934
22915.784520
22982.015106
23048.245691
23114.476277
23180.706863
23246.937449
23313.168035
23379.398621
23445.629206
23511.859792
23578.090378
23644.320964
23710.551550
23776.782136
23843.012722
23909.243308
23975.473894
24041.704480
24107.935066
24174.165652
24240.396238
24306.626824
24372.857410
24439.087996
24505.318583
24571.549169
24637.779755
24704.010341
24770.240927
24836.471513
24902.702099
24968.932686
25035.163272
25101.393858
25167.624444
25233.855031
25300.085617
25366.316203
25432.546789
25498.777376
25565.007962
25631.238548
25697.469135
25763.699721
25829.930307
25896.160894
25962.391480
26028.622066
26094.852653
26161.083239
26227.313826
26293.544412
26359.774998
26426.005585
26492.236171
26558.466758
26624.697344
26690.927931
26757.158517
26823.389104
26889.619690
26955.850277
27022.080863
27088.311450
27154.542036
27220.772623
27287.003209
27353.233796
27419.464382
27485.694969
27551.925556
27618.156142
27684.386729
27750.617315
27816.847902
27883.078489
27949.309075
28015.539662
28081.770249
28148.000835
28214.231422
28280.462009
28346.692595
28412.923182
28479.153769
28545.384356
28611.614942
28677.845529
28744.076116
28810.306703
28876.537289
28942.767876
29008.998463
29075.229050
29141.459636
29207.690223
29273.920810
29340.151397
29406.381984
29472.612570
29538.843157
29605.073744
29671.304331
29737.534918
29803.765505
29869.996092
29936.226678
30002.457265
30068.687852
30134.918439
30201.149026
30267.379613
30333.610200
30399.840787
30466.071374
30532.301961
30598.532548
30664.763135
30730.993722
30797.224309
30863.454895
30929.685482
30995.916069
31062.146656
31128.377243
31194.607830
31260.838417
31327.069004
31393.299591
31459.530178
31525.760766
31591.991353
31658.221940
31724.452527
31790.683114
31856.913701
31923.144288
31989.374875
32055.605462
32121.836049
32188.066636
32254.297223
32320.527810
32386.758397
32452.988985
32519.219572
32585.450159
32651.680746
32717.911333
32784.141920
32850.372507
32916.603094
32982.833682
33049.064269
33115.294856
33181.525443
33247.756030
33313.986617
33380.217205
33446.447792
33512.678379
33578.908966
33645.139553
33711.370141
33777.600728
33843.831315
33910.061902
33976.292490
34042.523077
34108.753664
34174.984251
34241.214838
34307.445426
34373.676013
34439.906600
34506.137187
34572.367775
34638.598362
34704.828949
34771.059537
34837.290124
34903.520711
34969.751298
35035.981886
35102.212473
35168.443060
35234.673648
35300.904235
35367.134822
35433.365410
35499.595997
35565.826584
35632.057172
35698.287759
35764.518346
35830.748934
35896.979521
35963.210108
36029.440696
36095.671283
36161.901870
36228.132458
36294.363045
36360.593633
36426.824220
36493.054807
36559.285395
36625.515982
36691.746570
36757.977157
36824.207744
36890.438332
36956.668919
37022.899507
37089.130094
37155.360681
37221.591269
37287.821856
37354.052444
37420.283031
37486.513619
37552.744206
37618.974794
37685.205381
37751.435968
37817.666556
37883.897143
37950.127731
38016.358318
38082.588906
38148.819493
38215.050081
38281.280668
38347.511256
38413.741843
38479.972431
38546.203018
38612.433606
38678.664193
38744.894781
38811.125368
38877.355956
38943.586543
39009.817131
39076.047718
39142.278306
39208.508893
39274.739481
39340.970068
39407.200656
39473.431244
39539.661831
39605.892419
39672.123006
39738.353594
39804.584181
39870.814769
39937.045356
40003.275944
40069.506532
40135.737119
40201.967707
40268.198294
40334.428882
40400.659469
40466.890057
40533.120645
40599.351232
40665.581820
40731.812407
40798.042995
40864.273583
40930.504170
40996.734758
41062.965345
41129.195933
41195.426521
41261.657108
41327.887696
41394.118283
41460.348871
41526.579459
41592.810046
41659.040634
41725.271222
41791.501809
41857.732397
41923.962985
41990.193572
42056.424160
42122.654747
42188.885335
42255.115923
42321.346510
42387.577098
42453.807686
42520.038273
42586.268861
42652.499449
42718.730036
42784.960624
42851.191212
42917.421799
42983.652387
43049.882975
43116.113563
43182.344150
43248.574738
43314.805326
43381.035913
43447.266501
43513.497089
43579.727676
43645.958264
43712.188852
43778.419439
43844.650027
43910.880615
43977.111203
44043.341790
44109.572378
44175.802966
44242.033554
44308.264141
44374.494729
44440.725317
44506.955904
44573.186492
44639.417080
44705.647668
44771.878255
44838.108843
44904.339431
44970.570019
45036.800606
45103.031194
45169.261782
45235.492370
45301.722957
45367.953545
45434.184133
45500.414721
45566.645308
45632.875896
45699.106484
45765.337072
45831.567660
45897.798247
45964.028835
46030.259423
46096.490011
46162.720598
46228.951186
46295.181774
46361.412362
46427.642950
46493.873537
46560.104125
46626.334713
46692.565301
46758.795889
46825.026476
46891.257064
46957.487652
47023.718240
47089.948828
47156.179415
47222.410003
47288.640591
47354.871179
47421.101767
47487.332354
47553.562942
47619.793530
47686.024118
47752.254706
47818.485294
47884.715881
47950.946469
48017.177057
48083.407645
48149.638233
48215.868821
48282.099408
48348.329996
48414.560584
48480.791172
48547.021760
48613.252348
48679.482935
48745.713523
48811.944111
48878.174699
48944.405287
49010.635875
49076.866463
49143.097050
49209.327638
49275.558226
49341.788814
49408.019402
49474.249990
49540.480578
49606.711166
49672.941753
49739.172341
49805.402929
49871.633517
49937.864105
50004.094693
50070.325281
50136.555869
50202.786456
50269.017044
50335.247632
50401.478220
50467.708808
50533.939396
50600.169984
50666.400572
50732.631160
50798.861747
50865.092335
50931.322923
50997.553511
51063.784099
51130.014687
51196.245275
51262.475863
51328.706451
51394.937039
51461.167626
51527.398214
51593.628802
51659.859390
51726.089978
51792.320566
51858.551154
51924.781742
51991.012330
52057.242918
52123.473506
52189.704094
52255.934682
52322.165269
52388.395857
52454.626445
52520.857033
52587.087621
52653.318209
52719.548797
52785.779385
52852.009973
52918.240561
52984.471149
53050.701737
53116.932325
53183.162913
53249.393501
53315.624089
53381.854676
53448.085264
53514.315852
53580.546440
53646.777028
53713.007616
53779.238204
53845.468792
53911.699380
53977.929968
54044.160556
54110.391144
54176.621732
54242.852320
54309.082908
54375.313496
54441.544084
54507.774672
54574.005260
54640.235848
54706.466436
54772.697024
54838.927612
54905.158200
54971.388788
55037.619376
55103.849964
55170.080552
55236.311139
55302.541727
55368.772315
55435.002903
55501.233491
55567.464079
55633.694667
55699.925255
55766.155843
55832.386431
55898.617019
55964.847607
56031.078195
56097.308783
56163.539371
56229.769959
56296.000547
56362.231135
56428.461723
56494.692311
56560.922899
56627.153487
56693.384075
56759.614663
56825.845251
56892.075839
56958.306427
57024.537015
57090.767603
57156.998191
57223.228779
57289.459367
57355.689955
57421.920543
57488.151131
57554.381719
57620.612307
57686.842896
57753.073484
57819.304072
57885.534660
57951.765248
58017.995836
58084.226424
58150.457012
58216.687600
58282.918188
58349.148776
58415.379364
58481.609952
58547.840540
58614.071128
58680.301716
58746.532304
58812.762892
58878.993480
58945.224068
59011.454656
59077.685244
59143.915832
59210.146420
59276.377008
59342.607596
59408.838184
59475.068772
59541.299360
59607.529948
59673.760537
59739.991125
59806.221713
59872.452301
59938.682889
60004.913477
60071.144065
60137.374653
60203.605241
60269.835829
60336.066417
60402.297005
60468.527593
60534.758181
60600.988769
60667.219357
60733.449945
60799.680533
60865.911121
60932.141710
60998.372298
61064.602886
61130.833474
61197.064062
61263.294650
61329.525238
61395.755826
61461.986414
61528.217002
61594.447590
61660.678178
61726.908766
61793.139354
61859.369942
61925.600531
61991.831119
62058.061707
62124.292295
62190.522883
62256.753471
62322.984059
62389.214647
62455.445235
62521.675823
62587.906411
62654.136999
62720.367588
62786.598176
62852.828764
62919.059352
62985.289940
63051.520528
63117.751116
63183.981704
63250.212292
63316.442880
63382.673468
63448.904056
63515.134645
63581.365233
63647.595821
63713.826409
63780.056997
63846.287585
63912.518173
63978.748761
64044.979349
64111.209937
64177.440526
64243.671114
64309.901702
64376.132290
64442.362878
64508.593466
64574.824054
64641.054642
64707.285230
64773.515818
64839.746407
64905.976995
64972.207583
65038.438171
65104.668759
65170.899347
65237.129935
65303.360523
65369.591111
65435.821700
65502.052288
65568.282876
65634.513464
65700.744052
65766.974640
65833.205228
65899.435816
65965.666404
66031.896993
66098.127581
66164.358169
66230.588757
66296.819345
66363.049933
66429.280521
66495.511109
66561.741698
66627.972286
66694.202874
66760.433462
66826.664050
66892.894638
66959.125226
67025.355814
67091.586403
67157.816991
67224.047579
67290.278167
67356.508755
67422.739343
67488.969931
67555.200519
67621.431108
67687.661696
67753.892284
67820.122872
67886.353460
67952.584048
68018.814636
68085.045225
68151.275813
68217.506401
68283.736989
68349.967577
68416.198165
68482.428753
68548.659342
68614.889930
68681.120518
68747.351106
68813.581694
68879.812282
68946.042870
69012.273459
69078.504047
69144.734635
69210.965223
69277.195811
69343.426399
69409.656987
69475.887576
69542.118164
69608.348752
69674.579340
69740.809928
69807.040516
69873.271104
69939.501693
70005.732281
70071.962869
70138.193457
70204.424045
70270.654633
70336.885222
70403.115810
70469.346398
70535.576986
70601.807574
70668.038162
70734.268751
70800.499339
70866.729927
70932.960515
70999.191103
71065.421691
71131.652279
71197.882868
71264.113456
71330.344044
71396.574632
71462.805220
71529.035808
71595.266397
71661.496985
71727.727573
71793.958161
71860.188749
71926.419337
71992.649926
72058.880514
72125.111102
72191.341690
72257.572278
72323.802866
72390.033455
72456.264043
72522.494631
72588.725219
72654.955807
72721.186396
72787.416984
72853.647572
72919.878160
72986.108748
73052.339336
73118.569925
73184.800513
73251.031101
73317.261689
73383.492277
73449.722865
73515.953454
73582.184042
73648.414630
73714.645218
73780.875806
73847.106395
73913.336983
73979.567571
74045.798159
74112.028747
74178.259335
74244.489924
74310.720512
74376.951100
74443.181688
74509.412276
74575.642865
74641.873453
74708.104041
74774.334629
74840.565217
74906.795806
74973.026394
75039.256982
75105.487570
75171.718158
75237.948746
75304.179335
75370.409923
75436.640511
75502.871099
75569.101687
75635.332276
75701.562864
75767.793452
75834.024040
75900.254628
75966.485217
76032.715805
76098.946393
76165.176981
76231.407569
76297.638158
76363.868746
76430.099334
76496.329922
76562.560510
76628.791099
76695.021687
76761.252275
76827.482863
76893.713451
76959.944040
77026.174628
77092.405216
77158.635804
77224.866392
77291.096981
77357.327569
77423.558157
77489.788745
77556.019333
77622.249922
77688.480510
77754.711098
77820.941686
77887.172275
77953.402863
78019.633451
78085.864039
78152.094627
78218.325216
78284.555804
78350.786392
78417.016980
78483.247568
78549.478157
78615.708745
78681.939333
78748.169921
78814.400509
78880.631098
78946.861686
79013.092274
79079.322862
79145.553451
79211.784039
79278.014627
79344.245215
79410.475803
79476.706392
79542.936980
79609.167568
79675.398156
79741.628745
79807.859333
79874.089921
79940.320509
80006.551097
80072.781686
80139.012274
80205.242862
80271.473450
80337.704038
80403.934627
80470.165215
80536.395803
80602.626391
80668.856980
80735.087568
80801.318156
80867.548744
80933.779333
81000.009921
81066.240509
81132.471097
81198.701685
81264.932274
81331.162862
81397.393450
81463.624038
81529.854627
81596.085215
81662.315803
81728.546391
81794.776979
81861.007568
81927.238156
81993.468744
82059.699332
82125.929921
82192.160509
82258.391097
82324.621685
82390.852274
82457.082862
82523.313450
82589.544038
82655.774626
82722.005215
82788.235803
82854.466391
82920.696979
82986.927568
83053.158156
83119.388744
83185.619332
83251.849921
83318.080509
83384.311097
83450.541685
83516.772274
83583.002862
83649.233450
83715.464038
83781.694627
83847.925215
83914.155803
83980.386391
84046.616979
84112.847568
84179.078156
84245.308744
84311.539332
84377.769921
84444.000509
84510.231097
84576.461685
84642.692274
84708.922862
84775.153450
84841.384038
84907.614627
84973.845215
85040.075803
85106.306391
85172.536980
85238.767568
85304.998156
85371.228744
85437.459333
85503.689921
85569.920509
85636.151097
85702.381686
85768.612274
85834.842862
85901.073450
85967.304039
86033.534627
86099.765215
86165.995803
86232.226392
86298.456980
86364.687568
86430.918156
86497.148745
86563.379333
86629.609921
86695.840509
86762.071098
86828.301686
86894.532274
86960.762862
87026.993451
87093.224039
87159.454627
87225.685215
87291.915804
87358.146392
87424.376980
87490.607568
87556.838157
87623.068745
87689.299333
87755.529921
87821.760510
87887.991098
87954.221686
88020.452274
88086.682863
88152.913451
88219.144039
88285.374628
88351.605216
88417.835804
88484.066392
88550.296981
88616.527569
88682.758157
88748.988745
88815.219334
88881.449922
88947.680510
89013.911098
89080.141687
89146.372275
89212.602863
89278.833451
89345.064040
89411.294628
89477.525216
89543.755804
89609.986393
89676.216981
89742.447569
89808.678158
89874.908746
89941.139334
90007.369922
90073.600511
90139.831099
90206.061687
90272.292275
90338.522864
90404.753452
90470.984040
90537.214628
90603.445217
90669.675805
90735.906393
90802.136982
90868.367570
90934.598158
91000.828746
91067.059335
91133.289923
91199.520511
91265.751099
91331.981688
91398.212276
91464.442864
91530.673453
91596.904041
91663.134629
91729.365217
91795.595806
91861.826394
91928.056982
91994.287570
92060.518159
92126.748747
92192.979335
92259.209924
92325.440512
92391.671100
92457.901688
92524.132277
92590.362865
92656.593453
92722.824041
92789.054630
92855.285218
92921.515806
92987.746395
93053.976983
93120.207571
93186.438159
93252.668748
93318.899336
93385.129924
93451.360513
93517.591101
93583.821689
93650.052277
93716.282866
93782.513454
93848.744042
93914.974630
93981.205219
94047.435807
94113.666395
94179.896984
94246.127572
94312.358160
94378.588748
94444.819337
94511.049925
94577.280513
94643.511102
94709.741690
94775.972278
94842.202866
94908.433455
94974.664043
95040.894631
95107.125220
95173.355808
95239.586396
95305.816984
95372.047573
95438.278161
95504.508749
95570.739338
95636.969926
95703.200514
95769.431102
95835.661691
95901.892279
95968.122867
96034.353456
96100.584044
96166.814632
96233.045220
96299.275809
96365.506397
96431.736985
96497.967574
96564.198162
96630.428750
96696.659338
96762.889927
96829.120515
96895.351103
96961.581692
97027.812280
97094.042868
97160.273456
97226.504045
97292.734633
97358.965221
97425.195810
97491.426398
97557.656986
97623.887575
97690.118163
97756.348751
97822.579339
97888.809928
97955.040516
98021.271104
98087.501693
98153.732281
98219.962869
98286.193457
98352.424046
98418.654634
98484.885222
98551.115811
98617.346399
98683.576987
98749.807576
98816.038164
98882.268752
98948.499340
99014.729929
99080.960517
99147.191105
99213.421694
99279.652282
99345.882870
99412.113458
99478.344047
99544.574635
99610.805223
99677.035812
99743.266400
99809.496988
99875.727577
99941.958165
100008.188753
100074.419341
100140.649930
100206.880518
100273.111106
100339.341695
100405.572283
100471.802871
100538.033460
100604.264048
100670.494636
100736.725224
100802.955813
100869.186401
100935.416989
101001.647578
101067.878166
101134.108754
101200.339343
101266.569931
101332.800519
101399.031107
101465.261696
101531.492284
101597.722872
101663.953461
101730.184049
101796.414637
101862.645226
101928.875814
101995.106402
102061.336991
102127.567579
102193.798167
102260.028755
102326.259344
102392.489932
102458.720520
102524.951109
102591.181697
102657.412285
102723.642874
102789.873462
102856.104050
102922.334638
102988.565227
103054.795815
103121.026403
103187.256992
103253.487580
103319.718168
103385.948757
103452.179345
103518.409933
103584.640522
103650.871110
103717.101698
103783.332286
103849.562875
103915.793463
103982.024051
104048.254640
104114.485228
104180.715816
104246.946405
104313.176993
104379.407581
104445.638170
104511.868758
104578.099346
104644.329935
104710.560523
104776.791111
104843.021699
104909.252288
104975.482876
105041.713464
105107.944053
105174.174641
105240.405229
105306.635818
105372.866406
105439.096994
105505.327583
105571.558171
105637.788759
105704.019348
105770.249936
105836.480524
105902.711112
105968.941701
106035.172289
106101.402877
106167.633466
106233.864054
106300.094642
106366.325231
106432.555819
106498.786407
106565.016996
106631.247584
106697.478172
106763.708761
106829.939349
106896.169937
106962.400526
107028.631114
107094.861702
107161.092290
107227.322879
107293.553467
107359.784055
107426.014644
107492.245232
107558.475820
107624.706409
107690.936997
107757.167585
107823.398174
107889.628762
107955.859350
108022.089939
108088.320527
108154.551115
108220.781704
108287.012292
108353.242880
108419.473469
108485.704057
108551.934645
108618.165233
108684.395822
108750.626410
108816.856998
108883.087587
108949.318175
109015.548763
109081.779352
109148.009940
109214.240528
109280.471117
109346.701705
109412.932293
109479.162882
109545.393470
109611.624058
109677.854647
109744.085235
109810.315823
109876.546412
109942.777000
110009.007588
110075.238177
110141.468765
110207.699353
110273.929942
110340.160530
110406.391118
110472.621706
110538.852295
110605.082883
110671.313471
110737.544060
110803.774648
110870.005236
110936.235825
111002.466413
111068.697001
111134.927590
111201.158178
111267.388766
111333.619355
111399.849943
111466.080531
111532.311120
111598.541708
111664.772296
111731.002885
111797.233473
111863.464061
111929.694650
111995.925238
112062.155826
112128.386415
112194.617003
112260.847591
112327.078180
112393.308768
112459.539356
112525.769945
112592.000533
112658.231121
112724.461710
112790.692298
112856.922886
112923.153475
112989.384063
113055.614651
113121.845240
113188.075828
113254.306416
113320.537005
113386.767593
113452.998181
113519.228770
113585.459358
113651.689946
113717.920535
113784.151123
113850.381711
113916.612300
113982.842888
114049.073476
114115.304065
114181.534653
114247.765241
114313.995830
114380.226418
114446.457006
114512.687595
114578.918183
114645.148771
114711.379360
114777.609948
114843.840536
114910.071125
114976.301713
115042.532301
115108.762890
115174.993478
115241.224066
115307.454655
115373.685243
115439.915831
115506.146420
115572.377008
115638.607596
115704.838185
115771.068773
115837.299361
115903.529950
115969.760538
116035.991126
116102.221715
116168.452303
116234.682891
116300.913480
116367.144068
116433.374656
116499.605245
116565.835833
116632.066421
116698.297010
116764.527598
116830.758186
116896.988775
116963.219363
117029.449951
117095.680540
117161.911128
117228.141716
117294.372305
117360.602893
117426.833481
117493.064070
117559.294658
117625.525246
117691.755835
117757.986423
117824.217011
117890.447600
117956.678188
118022.908776
118089.139365
118155.369953
118221.600541
118287.831130
118354.061718
118420.292306
118486.522895
118552.753483
118618.984071
118685.214660
118751.445248
118817.675836
118883.906425
118950.137013
119016.367601
119082.598190
119148.828778
119215.059366
119281.289955
119347.520543
119413.751131
119479.981720
119546.212308
119612.442896
119678.673485
119744.904073
119811.134661
119877.365250
119943.595838
120009.826426
120076.057015
120142.287603
120208.518192
120274.748780
120340.979368
120407.209957
120473.440545
120539.671133
120605.901722
120672.132310
120738.362898
120804.593487
120870.824075
120937.054663
121003.285252
121069.515840
121135.746428
121201.977017
121268.207605
121334.438193
121400.668782
121466.899370
121533.129958
121599.360547
121665.591135
121731.821723
121798.052312
121864.282900
121930.513488
121996.744077
122062.974665
122129.205253
122195.435842
122261.666430
122327.897019
122394.127607
122460.358195
122526.588784
122592.819372
122659.049960
122725.280549
122791.511137
122857.741725
122923.972314
122990.202902
123056.433490
123122.664079
123188.894667
123255.125255
123321.355844
123387.586432
123453.817020
123520.047609
123586.278197
123652.508785
123718.739374
123784.969962
123851.200550
123917.431139
123983.661727
124049.892316
124116.122904
124182.353492
124248.584081
124314.814669
124381.045257
124447.275846
124513.506434
124579.737022
124645.967611
124712.198199
124778.428787
124844.659376
124910.889964
124977.120552
125043.351141
125109.581729
125175.812317
125242.042906
125308.273494
125374.504082
125440.734671
125506.965259
125573.195848
125639.426436
125705.657024
125771.887613
125838.118201
125904.348789
125970.579378
126036.809966
126103.040554
126169.271143
126235.501731
126301.732319
126367.962908
126434.193496
126500.424084
126566.654673
126632.885261
126699.115850
126765.346438
126831.577026
126897.807615
126964.038203
127030.268791
127096.499380
127162.729968
127228.960556
127295.191145
127361.421733
127427.652321
127493.882910
127560.113498
127626.344086
127692.574675
127758.805263
127825.035852
127891.266440
127957.497028
128023.727617
128089.958205
128156.188793
128222.419382
128288.649970
128354.880558
128421.111147
128487.341735
128553.572323
128619.802912
128686.033500
128752.264088
128818.494677
128884.725265
128950.955854
129017.186442
129083.417030
129149.647619
129215.878207
129282.108795
129348.339384
129414.569972
129480.800560
129547.031149
129613.261737
129679.492325
129745.722914
129811.953502
129878.184090
129944.414679
130010.645267
130076.875856
130143.106444
130209.337032
130275.567621
130341.798209
130408.028797
130474.259386
130540.489974
130606.720562
130672.951151
130739.181739
130805.412327
130871.642916
130937.873504
131004.104093
131070.334681
131136.565269
131202.795858
131269.026446
131335.257034
131401.487623
131467.718211
131533.948799
131600.179388
131666.409976
131732.640564
131798.871153
131865.101741
131931.332330
131997.562918
132063.793506
132130.024095
132196.254683
132262.485271
132328.715860
132394.946448
132461.177036
132527.407625
132593.638213
132659.868802
132726.099390
132792.329978
132858.560567
132924.791155
132991.021743
133057.252332
133123.482920
133189.713508
133255.944097
133322.174685
133388.405273
133454.635862
133520.866450
133587.097039
133653.327627
133719.558215
133785.788804
133852.019392
133918.249980
133984.480569
134050.711157
134116.941745
134183.172334
134249.402922
134315.633511
134381.864099
134448.094687
134514.325276
134580.555864
134646.786452
134713.017041
134779.247629
134845.478217
134911.708806
134977.939394
135044.169982
135110.400571
135176.631159
135242.861748
135309.092336
135375.322924
135441.553513
135507.784101
135574.014689
135640.245278
135706.475866
135772.706454
135838.937043
135905.167631
135971.398220
136037.628808
136103.859396
136170.089985
136236.320573
136302.551161
136368.781750
136435.012338
136501.242926
136567.473515
136633.704103
136699.934692
136766.165280
136832.395868
136898.626457
136964.857045
137031.087633
137097.318222
137163.548810
137229.779398
137296.009987
137362.240575
137428.471164
137494.701752
137560.932340
137627.162929
137693.393517
137759.624105
137825.854694
137892.085282
137958.315871
138024.546459
138090.777047
138157.007636
138223.238224
138289.468812
138355.699401
138421.929989
138488.160577
138554.391166
138620.621754
138686.852343
138753.082931
138819.313519
138885.544108
138951.774696
139018.005284
139084.235873
139150.466461
139216.697049
139282.927638
139349.158226
139415.388815
139481.619403
139547.849991
139614.080580
139680.311168
139746.541756
139812.772345
139879.002933
139945.233521
140011.464110
140077.694698
140143.925287
140210.155875
140276.386463
140342.617052
140408.847640
140475.078228
140541.308817
140607.539405
140673.769994
140740.000582
140806.231170
140872.461759
140938.692347
141004.922935
141071.153524
141137.384112
141203.614700
141269.845289
141336.075877
141402.306466
141468.537054
141534.767642
141600.998231
141667.228819
141733.459407
141799.689996
141865.920584
141932.151173
141998.381761
142064.612349
142130.842938
142197.073526
142263.304114
142329.534703
142395.765291
142461.995879
142528.226468
142594.457056
142660.687645
142726.918233
142793.148821
142859.379410
142925.609998
142991.840586
143058.071175
143124.301763
143190.532352
143256.762940
143322.993528
143389.224117
143455.454705
143521.685293
143587.915882
143654.146470
143720.377059
143786.607647
143852.838235
143919.068824
143985.299412
144051.530000
144117.760589
144183.991177
144250.221766
144316.452354
144382.682942
144448.913531
144515.144119
144581.374707
144647.605296
144713.835884
144780.066472
144846.297061
144912.527649
144978.758238
145044.988826
145111.219414
145177.450003
145243.680591
145309.911179
145376.141768
145442.372356
145508.602945
145574.833533
145641.064121
145707.294710
145773.525298
145839.755886
145905.986475
145972.217063
146038.447652
146104.678240
146170.908828
146237.139417
146303.370005
146369.600593
146435.831182
146502.061770
146568.292359
146634.522947
146700.753535
146766.984124
146833.214712
146899.445300
146965.675889
147031.906477
147098.137066
147164.367654
147230.598242
147296.828831
147363.059419
147429.290007
147495.520596
147561.751184
147627.981773
147694.212361
147760.442949
147826.673538
147892.904126
147959.134714
148025.365303
148091.595891
148157.826480
148224.057068
148290.287656
148356.518245
148422.748833
148488.979421
148555.210010
148621.440598
148687.671187
148753.901775
148820.132363
148886.362952
148952.593540
149018.824128
149085.054717
149151.285305
149217.515894
149283.746482
149349.977070
149416.207659
149482.438247
149548.668835
149614.899424
149681.130012
149747.360601
149813.591189
149879.821777
149946.052366
150012.282954
150078.513542
150144.744131
150210.974719
150277.205308
150343.435896
150409.666484
150475.897073
150542.127661
150608.358249
150674.588838
150740.819426
150807.050015
150873.280603
150939.511191
151005.741780
151071.972368
151138.202956
151204.433545
151270.664133
151336.894722
151403.125310
151469.355898
151535.586487
151601.817075
151668.047663
151734.278252
151800.508840
151866.739429
151932.970017
151999.200605
152065.431194
152131.661782
152197.892371
152264.122959
152330.353547
152396.584136
152462.814724
152529.045312
152595.275901
152661.506489
152727.737078
152793.967666
152860.198254
152926.428843
152992.659431
153058.890019
153125.120608
153191.351196
153257.581785
153323.812373
153390.042961
153456.273550
153522.504138
153588.734726
153654.965315
153721.195903
153787.426492
153853.657080
153919.887668
153986.118257
154052.348845
154118.579434
154184.810022
154251.040610
154317.271199
154383.501787
154449.732375
154515.962964
154582.193552
154648.424141
154714.654729
154780.885317
154847.115906
154913.346494
154979.577082
155045.807671
155112.038259
155178.268848
155244.499436
155310.730024
155376.960613
155443.191201
155509.421789
155575.652378
155641.882966
155708.113555
155774.344143
155840.574731
155906.805320
155973.035908
156039.266497
156105.497085
156171.727673
156237.958262
156304.188850
156370.419438
156436.650027
156502.880615
156569.111204
156635.341792
156701.572380
156767.802969
156834.033557
156900.264146
156966.494734
157032.725322
157098.955911
157165.186499
157231.417087
157297.647676
157363.878264
157430.108853
157496.339441
157562.570029
157628.800618
157695.031206
157761.261794
157827.492383
157893.722971
157959.953560
158026.184148
158092.414736
158158.645325
158224.875913
158291.106502
158357.337090
158423.567678
158489.798267
158556.028855
158622.259443
158688.490032
158754.720620
158820.951209
158887.181797
158953.412385
159019.642974
159085.873562
159152.104151
159218.334739
159284.565327
159350.795916
159417.026504
159483.257092
159549.487681
159615.718269
159681.948858
159748.179446
159814.410034
159880.640623
159946.871211
160013.101800
160079.332388
160145.562976
160211.793565
160278.024153
160344.254741
160410.485330
160476.715918
160542.946507
160609.177095
160675.407683
160741.638272
160807.868860
160874.099449
160940.330037
161006.560625
161072.791214
161139.021802
161205.252390
161271.482979
161337.713567
161403.944156
161470.174744
161536.405332
161602.635921
161668.866509
161735.097098
161801.327686
161867.558274
161933.788863
162000.019451
162066.250039
162132.480628
162198.711216
162264.941805
162331.172393
162397.402981
162463.633570
162529.864158
162596.094747
162662.325335
162728.555923
162794.786512
162861.017100
162927.247688
162993.478277
163059.708865
163125.939454
163192.170042
163258.400630
163324.631219
163390.861807
163457.092396
163523.322984
163589.553572
163655.784161
163722.014749
163788.245337
163854.475926
163920.706514
163986.937103
164053.167691
164119.398279
164185.628868
164251.859456
164318.090045
164384.320633
164450.551221
164516.781810
164583.012398
164649.242987
164715.473575
164781.704163
164847.934752
164914.165340
164980.395928
165046.626517
165112.857105
165179.087694
165245.318282
165311.548870
165377.779459
165444.010047
165510.240636
165576.471224
165642.701812
165708.932401
165775.162989
165841.393577
165907.624166
165973.854754
166040.085343
166106.315931
166172.546519
166238.777108
166305.007696
166371.238285
166437.468873
166503.699461
166569.930050
166636.160638
166702.391227
166768.621815
166834.852403
166901.082992
166967.313580
167033.544168
167099.774757
167166.005345
167232.235934
167298.466522
167364.697110
167430.927699
167497.158287
167563.388876
167629.619464
167695.850052
167762.080641
167828.311229
167894.541818
167960.772406
168027.002994
168093.233583
168159.464171
168225.694759
168291.925348
168358.155936
168424.386525
168490.617113
168556.847701
168623.078290
168689.308878
168755.539467
168821.770055
168888.000643
168954.231232
169020.461820
169086.692409
169152.922997
169219.153585
169285.384174
169351.614762
169417.845350
169484.075939
169550.306527
169616.537116
169682.767704
169748.998292
169815.228881
169881.459469
169947.690058
170013.920646
170080.151234
170146.381823
170212.612411
170278.843000
170345.073588
170411.304176
170477.534765
170543.765353
170609.995942
170676.226530
170742.457118
170808.687707
170874.918295
170941.148883
171007.379472
171073.610060
171139.840649
171206.071237
171272.301825
171338.532414
171404.763002
171470.993591
171537.224179
171603.454767
171669.685356
171735.915944
171802.146533
171868.377121
171934.607709
172000.838298
172067.068886
172133.299475
172199.530063
172265.760651
172331.991240
172398.221828
172464.452416
172530.683005
172596.913593
172663.144182
172729.374770
172795.605358
172861.835947
172928.066535
172994.297124
173060.527712
173126.758300
173192.988889
173259.219477
173325.450066
173391.680654
173457.911242
173524.141831
173590.372419
173656.603008
173722.833596
173789.064184
173855.294773
173921.525361
173987.755949
174053.986538
174120.217126
174186.447715
174252.678303
174318.908891
174385.139480
174451.370068
174517.600657
174583.831245
174650.061833
174716.292422
174782.523010
174848.753599
174914.984187
174981.214775
175047.445364
175113.675952
175179.906541
175246.137129
175312.367717
175378.598306
175444.828894
175511.059483
175577.290071
175643.520659
175709.751248
175775.981836
175842.212424
175908.443013
175974.673601
176040.904190
176107.134778
176173.365366
176239.595955
176305.826543
176372.057132
176438.287720
176504.518308
176570.748897
176636.979485
176703.210074
176769.440662
176835.671250
176901.901839
176968.132427
177034.363016
177100.593604
177166.824192
177233.054781
177299.285369
177365.515958
177431.746546
177497.977134
177564.207723
177630.438311
177696.668900
177762.899488
177829.130076
177895.360665
177961.591253
178027.821841
178094.052430
178160.283018
178226.513607
178292.744195
178358.974783
178425.205372
178491.435960
178557.666549
178623.897137
178690.127725
178756.358314
178822.588902
178888.819491
178955.050079
179021.280667
179087.511256
179153.741844
179219.972433
179286.203021
179352.433609
179418.664198
179484.894786
179551.125375
179617.355963
179683.586551
179749.817140
179816.047728
179882.278317
179948.508905
180014.739493
180080.970082
180147.200670
180213.431259
180279.661847
180345.892435
180412.123024
180478.353612
180544.584201
180610.814789
180677.045377
180743.275966
180809.506554
180875.737142
180941.967731
181008.198319
181074.428908
181140.659496
181206.890084
181273.120673
181339.351261
181405.581850
181471.812438
181538.043026
181604.273615
181670.504203
181736.734792
181802.965380
181869.195968
181935.426557
182001.657145
182067.887734
182134.118322
182200.348910
182266.579499
182332.810087
182399.040676
182465.271264
182531.501852
182597.732441
182663.963029
182730.193618
182796.424206
182862.654794
182928.885383
182995.115971
183061.346560
183127.577148
183193.807736
183260.038325
183326.268913
183392.499502
183458.730090
183524.960678
183591.191267
183657.421855
183723.652444
183789.883032
183856.113620
183922.344209
183988.574797
184054.805386
184121.035974
184187.266562
184253.497151
184319.727739
184385.958328
184452.188916
184518.419504
184584.650093
184650.880681
184717.111269
184783.341858
184849.572446
184915.803035
184982.033623
185048.264211
185114.494800
185180.725388
185246.955977
185313.186565
185379.417153
185445.647742
185511.878330
185578.108919
185644.339507
185710.570095
185776.800684
185843.031272
185909.261861
185975.492449
186041.723037
186107.953626
186174.184214
186240.414803
186306.645391
186372.875979
186439.106568
186505.337156
186571.567745
186637.798333
186704.028921
186770.259510
186836.490098
186902.720687
186968.951275
187035.181863
187101.412452
187167.643040
187233.873629
187300.104217
187366.334805
187432.565394
187498.795982
187565.026571
187631.257159
187697.487747
187763.718336
187829.948924
187896.179513
187962.410101
188028.640689
188094.871278
188161.101866
188227.332455
188293.563043
188359.793631
188426.024220
188492.254808
188558.485397
188624.715985
188690.946573
188757.177162
188823.407750
188889.638339
188955.868927
189022.099515
189088.330104
189154.560692
189220.791281
189287.021869
189353.252457
189419.483046
189485.713634
189551.944223
189618.174811
189684.405399
189750.635988
189816.866576
189883.097165
189949.327753
190015.558341
190081.788930
190148.019518
190214.250107
190280.480695
190346.711283
190412.941872
190479.172460
190545.403049
190611.633637
190677.864225
190744.094814
190810.325402
190876.555991
190942.786579
191009.017167
191075.247756
191141.478344
191207.708933
191273.939521
191340.170109
191406.400698
191472.631286
191538.861875
191605.092463
191671.323051
191737.553640
191803.784228
191870.014817
191936.245405
192002.475993
192068.706582
192134.937170
192201.167759
192267.398347
192333.628935
192399.859524
192466.090112
192532.320701
192598.551289
192664.781877
192731.012466
192797.243054
192863.473643
192929.704231
192995.934819
193062.165408
193128.395996
193194.626585
193260.857173
193327.087761
193393.318350
193459.548938
193525.779527
193592.010115
193658.240703
193724.471292
193790.701880
193856.932469
193923.163057
193989.393645
194055.624234
194121.854822
194188.085411
194254.315999
194320.546587
194386.777176
194453.007764
194519.238353
194585.468941
194651.699529
194717.930118
194784.160706
194850.391295
194916.621883
194982.852471
195049.083060
195115.313648
195181.544237
195247.774825
195314.005413
195380.236002
195446.466590
195512.697179
195578.927767
195645.158356
195711.388944
195777.619532
195843.850121
195910.080709
195976.311298
196042.541886
196108.772474
196175.003063
196241.233651
196307.464240
196373.694828
196439.925416
196506.156005
196572.386593
196638.617182
196704.847770
196771.078358
196837.308947
196903.539535
196969.770124
197036.000712
197102.231300
197168.461889
197234.692477
197300.923066
197367.153654
197433.384242
197499.614831
197565.845419
197632.076008
197698.306596
197764.537184
197830.767773
197896.998361
197963.228950
198029.459538
198095.690126
198161.920715
198228.151303
198294.381892
198360.612480
198426.843068
198493.073657
198559.304245
198625.534834
198691.765422
198757.996010
198824.226599
198890.457187
198956.687776
199022.918364
199089.148952
199155.379541
199221.610129
199287.840718
199354.071306
199420.301894
199486.532483
199552.763071
199618.993660
199685.224248
199751.454836
199817.685425
199883.916013
199950.146602
200016.377190
200082.607778
200148.838367
200215.068955
200281.299544
200347.530132
200413.760721
200479.991309
200546.221897
200612.452486
200678.683074
200744.913663
200811.144251
200877.374839
200943.605428
201009.836016
201076.066605
201142.297193
201208.527781
201274.758370
201340.988958
201407.219547
201473.450135
201539.680723
201605.911312
201672.141900
201738.372489
201804.603077
201870.833665
201937.064254
202003.294842
202069.525431
202135.756019
202201.986607
202268.217196
202334.447784
202400.678373
202466.908961
202533.139549
202599.370138
202665.600726
202731.831315
202798.061903
202864.292491
202930.523080
202996.753668
203062.984257
203129.214845
203195.445434
203261.676022
203327.906610
203394.137199
203460.367787
203526.598376
203592.828964
203659.059552
203725.290141
203791.520729
203857.751318
203923.981906
203990.212494
204056.443083
204122.673671
204188.904260
204255.134848
204321.365436
204387.596025
204453.826613
204520.057202
204586.287790
204652.518378
204718.748967
204784.979555
204851.210144
204917.440732
204983.671320
205049.901909
205116.132497
205182.363086
205248.593674
205314.824262
205381.054851
205447.285439
205513.516028
205579.746616
205645.977204
205712.207793
205778.438381
205844.668970
205910.899558
205977.130147
206043.360735
206109.591323
206175.821912
206242.052500
206308.283089
206374.513677
206440.744265
206506.974854
206573.205442
206639.436031
206705.666619
206771.897207
206838.127796
206904.358384
206970.588973
207036.819561
207103.050149
207169.280738
207235.511326
207301.741915
207367.972503
207434.203091
207500.433680
207566.664268
207632.894857
207699.125445
207765.356033
207831.586622
207897.817210
207964.047799
208030.278387
208096.508976
208162.739564
208228.970152
208295.200741
208361.431329
208427.661918
208493.892506
208560.123094
208626.353683
208692.584271
208758.814860
208825.045448
208891.276036
208957.506625
209023.737213
209089.967802
209156.198390
209222.428978
209288.659567
209354.890155
209421.120744
209487.351332
209553.581920
209619.812509
209686.043097
209752.273686
209818.504274
209884.734862
209950.965451
210017.196039
210083.426628
210149.657216
210215.887805
210282.118393
210348.348981
210414.579570
210480.810158
210547.040747
210613.271335
210679.501923
210745.732512
210811.963100
210878.193689
210944.424277
211010.654865
211076.885454
211143.116042
211209.346631
211275.577219
211341.807807
211408.038396
211474.268984
211540.499573
211606.730161
211672.960749
211739.191338
211805.421926
211871.652515
211937.883103
212004.113692
212070.344280
212136.574868
212202.805457
212269.036045
212335.266634
212401.497222
212467.727810
212533.958399
212600.188987
212666.419576
212732.650164
212798.880752
212865.111341
212931.341929
212997.572518
213063.803106
213130.033694
213196.264283
213262.494871
213328.725460
213394.956048
213461.186637
213527.417225
213593.647813
213659.878402
213726.108990
213792.339579
213858.570167
213924.800755
213991.031344
214057.261932
214123.492521
214189.723109
214255.953697
214322.184286
214388.414874
214454.645463
214520.876051
214587.106639
214653.337228
214719.567816
214785.798405
214852.028993
214918.259581
214984.490170
215050.720758
215116.951347
215183.181935
215249.412524
215315.643112
215381.873700
215448.104289
215514.334877
215580.565466
215646.796054
215713.026642
215779.257231
215845.487819
215911.718408
215977.948996
216044.179584
216110.410173
216176.640761
216242.871350
216309.101938
216375.332526
216441.563115
216507.793703
216574.024292
216640.254880
216706.485469
216772.716057
216838.946645
216905.177234
216971.407822
217037.638411
217103.868999
217170.099587
217236.330176
217302.560764
217368.791353
217435.021941
217501.252529
217567.483118
217633.713706
217699.944295
217766.174883
217832.405471
217898.636060
217964.866648
218031.097237
218097.327825
218163.558414
218229.789002
218296.019590
218362.250179
218428.480767
218494.711356
218560.941944
218627.172532
218693.403121
218759.633709
218825.864298
218892.094886
218958.325474
219024.556063
219090.786651
219157.017240
219223.247828
219289.478416
219355.709005
219421.939593
219488.170182
219554.400770
219620.631359
219686.861947
219753.092535
219819.323124
219885.553712
219951.784301
220018.014889
220084.245477
220150.476066
220216.706654
220282.937243
220349.167831
220415.398419
220481.629008
220547.859596
220614.090185
220680.320773
220746.551361
220812.781950
220879.012538
220945.243127
221011.473715
221077.704304
221143.934892
221210.165480
221276.396069
221342.626657
221408.857246
221475.087834
221541.318422
221607.549011
221673.779599
221740.010188
221806.240776
221872.471364
221938.701953
222004.932541
222071.163130
222137.393718
222203.624307
222269.854895
222336.085483
222402.316072
222468.546660
222534.777249
222601.007837
222667.238425
222733.469014
222799.699602
222865.930191
222932.160779
222998.391367
223064.621956
223130.852544
223197.083133
223263.313721
223329.544309
223395.774898
223462.005486
223528.236075
223594.466663
223660.697252
223726.927840
223793.158428
223859.389017
223925.619605
223991.850194
224058.080782
224124.311370
224190.541959
224256.772547
224323.003136
224389.233724
224455.464312
224521.694901
224587.925489
224654.156078
224720.386666
224786.617255
224852.847843
224919.078431
224985.309020
225051.539608
225117.770197
225184.000785
225250.231373
225316.461962
225382.692550
225448.923139
225515.153727
225581.384315
225647.614904
225713.845492
225780.076081
225846.306669
225912.537258
225978.767846
226044.998434
226111.229023
226177.459611
226243.690200
226309.920788
226376.151376
226442.381965
226508.612553
226574.843142
226641.073730
226707.304318
226773.534907
226839.765495
226905.996084
226972.226672
227038.457261
227104.687849
227170.918437
227237.149026
227303.379614
227369.610203
227435.840791
227502.071379
227568.301968
227634.532556
227700.763145
227766.993733
227833.224321
227899.454910
227965.685498
228031.916087
228098.146675
228164.377264
228230.607852
228296.838440
228363.069029
228429.299617
228495.530206
228561.760794
228627.991382
228694.221971
228760.452559
228826.683148
228892.913736
228959.144324
229025.374913
229091.605501
229157.836090
229224.066678
229290.297267
229356.527855
229422.758443
229488.989032
229555.219620
229621.450209
229687.680797
229753.911385
229820.141974
229886.372562
229952.603151
230018.833739
230085.064327
230151.294916
230217.525504
230283.756093
230349.986681
230416.217270
230482.447858
230548.678446
230614.909035
230681.139623
230747.370212
230813.600800
230879.831388
230946.061977
231012.292565
231078.523154
231144.753742
231210.984330
231277.214919
231343.445507
231409.676096
231475.906684
231542.137273
231608.367861
231674.598449
231740.829038
231807.059626
231873.290215
231939.520803
232005.751391
232071.981980
232138.212568
232204.443157
232270.673745
232336.904333
232403.134922
232469.365510
232535.596099
232601.826687
232668.057276
232734.287864
232800.518452
232866.749041
232932.979629
232999.210218
233065.440806
233131.671394
233197.901983
233264.132571
233330.363160
233396.593748
233462.824337
233529.054925
233595.285513
233661.516102
233727.746690
233793.977279
233860.207867
233926.438455
233992.669044
234058.899632
234125.130221
234191.360809
234257.591397
234323.821986
234390.052574
234456.283163
234522.513751
234588.744340
234654.974928
234721.205516
234787.436105
234853.666693
234919.897282
234986.127870
235052.358458
235118.589047
235184.819635
235251.050224
235317.280812
235383.511400
235449.741989
235515.972577
235582.203166
235648.433754
235714.664343
235780.894931
235847.125519
235913.356108
235979.586696
236045.817285
236112.047873
236178.278461
236244.509050
236310.739638
236376.970227
236443.200815
236509.431404
236575.661992
236641.892580
236708.123169
236774.353757
236840.584346
236906.814934
236973.045522
237039.276111
237105.506699
237171.737288
237237.967876
237304.198464
237370.429053
237436.659641
237502.890230
237569.120818
237635.351407
237701.581995
237767.812583
237834.043172
237900.273760
237966.504349
238032.734937
238098.965525
238165.196114
238231.426702
238297.657291
238363.887879
238430.118468
238496.349056
238562.579644
238628.810233
238695.040821
238761.271410
238827.501998
238893.732586
238959.963175
239026.193763
239092.424352
239158.654940
239224.885528
239291.116117
239357.346705
239423.577294
239489.807882
239556.038471
239622.269059
239688.499647
239754.730236
239820.960824
239887.191413
239953.422001
240019.652589
240085.883178
240152.113766
240218.344355
240284.574943
240350.805532
240417.036120
240483.266708
240549.497297
240615.727885
240681.958474
240748.189062
240814.419650
240880.650239
240946.880827
241013.111416
241079.342004
241145.572593
241211.803181
241278.033769
241344.264358
241410.494946
241476.725535
241542.956123
241609.186711
241675.417300
241741.647888
241807.878477
241874.109065
241940.339653
242006.570242
242072.800830
242139.031419
242205.262007
242271.492596
242337.723184
242403.953772
242470.184361
242536.414949
242602.645538
242668.876126
242735.106714
242801.337303
242867.567891
242933.798480
243000.029068
243066.259657
243132.490245
243198.720833
243264.951422
243331.182010
243397.412599
243463.643187
243529.873775
243596.104364
243662.334952
243728.565541
243794.796129
243861.026718
243927.257306
243993.487894
244059.718483
244125.949071
244192.179660
244258.410248
244324.640836
244390.871425
244457.102013
244523.332602
244589.563190
244655.793779
244722.024367
244788.254955
244854.485544
244920.716132
244986.946721
245053.177309
245119.407897
245185.638486
245251.869074
245318.099663
245384.330251
245450.560839
245516.791428
245583.022016
245649.252605
245715.483193
245781.713782
245847.944370
245914.174958
245980.405547
246046.636135
246112.866724
246179.097312
246245.327900
246311.558489
246377.789077
246444.019666
246510.250254
246576.480843
246642.711431
246708.942019
246775.172608
246841.403196
246907.633785
246973.864373
247040.094961
247106.325550
247172.556138
247238.786727
247305.017315
247371.247904
247437.478492
247503.709080
247569.939669
247636.170257
247702.400846
247768.631434
247834.862022
247901.092611
247967.323199
248033.553788
248099.784376
248166.014965
248232.245553
248298.476141
248364.706730
248430.937318
248497.167907
248563.398495
248629.629083
248695.859672
248762.090260
248828.320849
248894.551437
248960.782026
249027.012614
249093.243202
249159.473791
249225.704379
249291.934968
249358.165556
249424.396144
249490.626733
249556.857321
249623.087910
249689.318498
249755.549087
249821.779675
249888.010263
249954.240852
250020.471440
250086.702029
250152.932617
250219.163205
250285.393794
250351.624382
250417.854971
250484.085559
250550.316148
250616.546736
250682.777324
250749.007913
250815.238501
250881.469090
250947.699678
251013.930266
251080.160855
251146.391443
251212.622032
251278.852620
251345.083209
251411.313797
251477.544385
251543.774974
251610.005562
251676.236151
251742.466739
251808.697327
251874.927916
251941.158504
252007.389093
252073.619681
252139.850270
252206.080858
252272.311446
252338.542035
252404.772623
252471.003212
252537.233800
252603.464388
252669.694977
252735.925565
252802.156154
252868.386742
252934.617331
253000.847919
253067.078507
253133.309096
253199.539684
253265.770273
253332.000861
253398.231449
253464.462038
253530.692626
253596.923215
253663.153803
253729.384392
253795.614980
253861.845568
253928.076157
253994.306745
254060.537334
254126.767922
254192.998510
254259.229099
254325.459687
254391.690276
254457.920864
254524.151453
254590.382041
254656.612629
254722.843218
254789.073806
254855.304395
254921.534983
254987.765571
255053.996160
255120.226748
255186.457337
255252.687925
255318.918514
255385.149102
255451.379690
255517.610279
255583.840867
255650.071456
255716.302044
255782.532632
255848.763221
255914.993809
255981.224398
256047.454986
256113.685575
256179.916163
256246.146751
256312.377340
256378.607928
256444.838517
256511.069105
256577.299693
256643.530282
256709.760870
256775.991459
256842.222047
256908.452636
256974.683224
257040.913812
257107.144401
257173.374989
257239.605578
257305.836166
257372.066754
257438.297343
257504.527931
257570.758520
257636.989108
257703.219697
257769.450285
257835.680873
257901.911462
257968.142050
258034.372639
258100.603227
258166.833815
258233.064404
258299.294992
258365.525581
258431.756169
258497.986758
258564.217346
258630.447934
258696.678523
258762.909111
258829.139700
258895.370288
258961.600876
259027.831465
259094.062053
259160.292642
259226.523230
259292.753819
259358.984407
259425.214995
259491.445584
259557.676172
259623.906761
259690.137349
259756.367938
259822.598526
259888.829114
259955.059703
260021.290291
260087.520880
260153.751468
260219.982056
260286.212645
260352.443233
260418.673822
260484.904410
260551.134999
260617.365587
260683.596175
260749.826764
260816.057352
260882.287941
260948.518529
261014.749117
261080.979706
261147.210294
261213.440883
261279.671471
261345.902060
261412.132648
261478.363236
261544.593825
261610.824413
261677.055002
261743.285590
261809.516178
261875.746767
261941.977355
262008.207944
262074.438532
262140.669121
262206.899709
262273.130297
262339.360886
262405.591474
262471.822063
262538.052651
262604.283239
262670.513828
262736.744416
262802.975005
262869.205593
262935.436182
263001.666770
263067.897358
263134.127947
263200.358535
263266.589124
263332.819712
263399.050301
263465.280889
263531.511477
263597.742066
263663.972654
263730.203243
263796.433831
263862.664419
263928.895008
263995.125596
264061.356185
264127.586773
264193.817362
264260.047950
264326.278538
264392.509127
264458.739715
264524.970304
264591.200892
264657.431480
264723.662069
264789.892657
264856.123246
264922.353834
264988.584423
265054.815011
265121.045599
265187.276188
265253.506776
265319.737365
265385.967953
265452.198541
265518.429130
265584.659718
265650.890307
265717.120895
265783.351484
265849.582072
265915.812660
265982.043249
266048.273837
266114.504426
266180.735014
266246.965603
266313.196191
266379.426779
266445.657368
266511.887956
266578.118545
266644.349133
266710.579721
266776.810310
266843.040898
266909.271487
266975.502075
267041.732664
267107.963252
267174.193840
267240.424429
267306.655017
267372.885606
267439.116194
267505.346782
267571.577371
267637.807959
267704.038548
267770.269136
267836.499725
267902.730313
267968.960901
268035.191490
268101.422078
268167.652667
268233.883255
268300.113844
268366.344432
268432.575020
268498.805609
268565.036197
268631.266786
268697.497374
268763.727962
268829.958551
268896.189139
268962.419728
269028.650316
269094.880905
269161.111493
269227.342081
269293.572670
269359.803258
269426.033847
269492.264435
269558.495023
269624.725612
269690.956200
269757.186789
269823.417377
269889.647966
269955.878554
270022.109142
270088.339731
270154.570319
270220.800908
270287.031496
270353.262085
270419.492673
270485.723261
270551.953850
270618.184438
270684.415027
270750.645615
270816.876203
270883.106792
270949.337380
271015.567969
271081.798557
271148.029146
271214.259734
271280.490322
271346.720911
271412.951499
271479.182088
271545.412676
271611.643264
271677.873853
271744.104441
271810.335030
271876.565618
271942.796207
272009.026795
272075.257383
272141.487972
272207.718560
272273.949149
272340.179737
272406.410326
272472.640914
272538.871502
272605.102091
272671.332679
272737.563268
272803.793856
272870.024444
272936.255033
273002.485621
273068.716210
273134.946798
273201.177387
273267.407975
273333.638563
273399.869152
273466.099740
273532.330329
273598.560917
273664.791505
273731.022094
273797.252682
273863.483271
273929.713859
273995.944448
274062.175036
274128.405624
274194.636213
274260.866801
274327.097390
274393.327978
274459.558567
274525.789155
274592.019743
274658.250332
274724.480920
274790.711509
274856.942097
274923.172685
274989.403274
275055.633862
275121.864451
275188.095039
275254.325628
275320.556216
275386.786804
275453.017393
275519.247981
275585.478570
275651.709158
275717.939747
275784.170335
275850.400923
275916.631512
275982.862100
276049.092689
276115.323277
276181.553865
276247.784454
276314.015042
276380.245631
276446.476219
276512.706808
276578.937396
276645.167984
276711.398573
276777.629161
276843.859750
276910.090338
276976.320927
277042.551515
277108.782103
277175.012692
277241.243280
277307.473869
277373.704457
277439.935045
277506.165634
277572.396222
277638.626811
277704.857399
277771.087988
277837.318576
277903.549164
277969.779753
278036.010341
278102.240930
278168.471518
278234.702106
278300.932695
278367.163283
278433.393872
278499.624460
278565.855049
278632.085637
278698.316225
278764.546814
278830.777402
278897.007991
278963.238579
279029.469168
279095.699756
279161.930344
279228.160933
279294.391521
279360.622110
279426.852698
279493.083286
279559.313875
279625.544463
279691.775052
279758.005640
279824.236229
279890.466817
279956.697405
280022.927994
280089.158582
280155.389171
280221.619759
280287.850348
280354.080936
280420.311524
280486.542113
280552.772701
280619.003290
280685.233878
280751.464466
280817.695055
280883.925643
280950.156232
281016.386820
281082.617409
281148.847997
281215.078585
281281.309174
281347.539762
281413.770351
281480.000939
281546.231528
281612.462116
281678.692704
281744.923293
281811.153881
281877.384470
281943.615058
282009.845646
282076.076235
282142.306823
282208.537412
282274.768000
282340.998589
282407.229177
282473.459765
282539.690354
282605.920942
282672.151531
282738.382119
282804.612708
282870.843296
282937.073884
283003.304473
283069.535061
283135.765650
283201.996238
283268.226826
283334.457415
283400.688003
283466.918592
283533.149180
283599.379769
283665.610357
283731.840945
283798.071534
283864.302122
283930.532711
283996.763299
284062.993888
284129.224476
284195.455064
284261.685653
284327.916241
284394.146830
284460.377418
284526.608006
284592.838595
284659.069183
284725.299772
284791.530360
284857.760949
284923.991537
284990.222125
285056.452714
285122.683302
285188.913891
285255.144479
285321.375068
285387.605656
285453.836244
285520.066833
285586.297421
285652.528010
285718.758598
285784.989187
285851.219775
285917.450363
285983.680952
286049.911540
286116.142129
286182.372717
286248.603305
286314.833894
286381.064482
286447.295071
286513.525659
286579.756248
286645.986836
286712.217424
286778.448013
286844.678601
286910.909190
286977.139778
287043.370367
287109.600955
287175.831543
287242.062132
287308.292720
287374.523309
287440.753897
287506.984485
287573.215074
287639.445662
287705.676251
287771.906839
287838.137428
287904.368016
287970.598604
288036.829193
288103.059781
288169.290370
288235.520958
288301.751547
288367.982135
288434.212723
288500.443312
288566.673900
288632.904489
288699.135077
288765.365665
288831.596254
288897.826842
288964.057431
289030.288019
289096.518608
289162.749196
289228.979784
289295.210373
289361.440961
289427.671550
289493.902138
289560.132727
289626.363315
289692.593903
289758.824492
289825.055080
289891.285669
289957.516257
290023.746845
290089.977434
290156.208022
290222.438611
290288.669199
290354.899788
290421.130376
290487.360964
290553.591553
290619.822141
290686.052730
290752.283318
290818.513907
290884.744495
290950.975083
291017.205672
291083.436260
291149.666849
291215.897437
291282.128026
291348.358614
291414.589202
291480.819791
291547.050379
291613.280968
291679.511556
291745.742144
291811.972733
291878.203321
291944.433910
292010.664498
292076.895087
292143.125675
292209.356263
292275.586852
292341.817440
292408.048029
292474.278617
292540.509206
292606.739794
292672.970382
292739.200971
292805.431559
292871.662148
292937.892736
293004.123324
293070.353913
293136.584501
293202.815090
293269.045678
293335.276267
293401.506855
293467.737443
293533.968032
293600.198620
293666.429209
293732.659797
293798.890386
293865.120974
293931.351562
293997.582151
294063.812739
294130.043328
294196.273916
294262.504505
294328.735093
294394.965681
294461.196270
294527.426858
294593.657447
294659.888035
294726.118623
294792.349212
294858.579800
294924.810389
294991.040977
295057.271566
295123.502154
295189.732742
295255.963331
295322.193919
295388.424508
295454.655096
295520.885685
295587.116273
295653.346861
295719.577450
295785.808038
295852.038627
295918.269215
295984.499804
296050.730392
296116.960980
296183.191569
296249.422157
296315.652746
296381.883334
296448.113922
296514.344511
296580.575099
296646.805688
296713.036276
296779.266865
296845.497453
296911.728041
296977.958630
297044.189218
297110.419807
297176.650395
297242.880984
297309.111572
297375.342160
297441.572749
297507.803337
297574.033926
297640.264514
297706.495103
297772.725691
297838.956279
297905.186868
297971.417456
298037.648045
298103.878633
298170.109221
298236.339810
298302.570398
298368.800987
298435.031575
298501.262164
298567.492752
298633.723340
298699.953929
298766.184517
298832.415106
298898.645694
298964.876283
299031.106871
299097.337459
299163.568048
299229.798636
299296.029225
299362.259813
299428.490402
299494.720990
299560.951578
299627.182167
299693.412755
299759.643344
299825.873932
299892.104520
299958.335109
300024.565697
300090.796286
300157.026874
300223.257463
300289.488051
300355.718639
300421.949228
300488.179816
300554.410405
300620.640993
300686.871582
300753.102170
300819.332758
300885.563347
300951.793935
301018.024524
301084.255112
301150.485701
301216.716289
301282.946877
301349.177466
301415.408054
301481.638643
301547.869231
301614.099819
301680.330408
301746.560996
301812.791585
301879.022173
301945.252762
302011.483350
302077.713938
302143.944527
302210.175115
302276.405704
302342.636292
302408.866881
302475.097469
302541.328057
302607.558646
302673.789234
302740.019823
302806.250411
302872.481000
302938.711588
303004.942176
303071.172765
303137.403353
303203.633942
303269.864530
303336.095118
303402.325707
303468.556295
303534.786884
303601.017472
303667.248061
303733.478649
303799.709237
303865.939826
303932.170414
303998.401003
304064.631591
304130.862180
304197.092768
304263.323356
304329.553945
304395.784533
304462.015122
304528.245710
304594.476299
304660.706887
304726.937475
304793.168064
304859.398652
304925.629241
304991.859829
305058.090417
305124.321006
305190.551594
305256.782183
305323.012771
305389.243360
305455.473948
305521.704536
305587.935125
305654.165713
305720.396302
305786.626890
305852.857479
305919.088067
305985.318655
306051.549244
306117.779832
306184.010421
306250.241009
306316.471598
306382.702186
306448.932774
306515.163363
306581.393951
306647.624540
306713.855128
306780.085717
306846.316305
306912.546893
306978.777482
307045.008070
307111.238659
307177.469247
307243.699835
307309.930424
307376.161012
307442.391601
307508.622189
307574.852778
307641.083366
307707.313954
307773.544543
307839.775131
307906.005720
307972.236308
308038.466897
308104.697485
308170.928073
308237.158662
308303.389250
308369.619839
308435.850427
308502.081016
308568.311604
308634.542192
308700.772781
308767.003369
308833.233958
308899.464546
308965.695134
309031.925723
309098.156311
309164.386900
309230.617488
309296.848077
309363.078665
309429.309253
309495.539842
309561.770430
309628.001019
309694.231607
309760.462196
309826.692784
309892.923372
309959.153961
310025.384549
310091.615138
310157.845726
310224.076315
310290.306903
310356.537491
310422.768080
310488.998668
310555.229257
310621.459845
310687.690434
310753.921022
310820.151610
310886.382199
310952.612787
311018.843376
311085.073964
311151.304552
311217.535141
311283.765729
311349.996318
311416.226906
311482.457495
311548.688083
311614.918671
311681.149260
311747.379848
311813.610437
311879.841025
311946.071614
312012.302202
312078.532790
312144.763379
312210.993967
312277.224556
312343.455144
312409.685733
312475.916321
312542.146909
312608.377498
312674.608086
312740.838675
312807.069263
312873.299852
312939.530440
313005.761028
313071.991617
313138.222205
313204.452794
313270.683382
313336.913970
313403.144559
313469.375147
313535.605736
313601.836324
313668.066913
313734.297501
313800.528089
313866.758678
313932.989266
313999.219855
314065.450443
314131.681032
314197.911620
314264.142208
314330.372797
314396.603385
314462.833974
314529.064562
314595.295151
314661.525739
314727.756327
314793.986916
314860.217504
314926.448093
314992.678681
315058.909270
315125.139858
315191.370446
315257.601035
315323.831623
315390.062212
315456.292800
315522.523388
315588.753977
315654.984565
315721.215154
315787.445742
315853.676331
315919.906919
315986.137507
316052.368096
316118.598684
316184.829273
316251.059861
316317.290450
316383.521038
316449.751626
316515.982215
316582.212803
316648.443392
316714.673980
316780.904569
316847.135157
316913.365745
316979.596334
317045.826922
317112.057511
317178.288099
317244.518688
317310.749276
317376.979864
317443.210453
317509.441041
317575.671630
317641.902218
317708.132807
317774.363395
317840.593983
317906.824572
317973.055160
318039.285749
318105.516337
318171.746925
318237.977514
318304.208102
318370.438691
318436.669279
318502.899868
318569.130456
318635.361044
318701.591633
318767.822221
318834.052810
318900.283398
318966.513987
319032.744575
319098.975163
319165.205752
319231.436340
319297.666929
319363.897517
319430.128106
319496.358694
319562.589282
319628.819871
319695.050459
319761.281048
319827.511636
319893.742225
319959.972813
320026.203401
320092.433990
320158.664578
320224.895167
320291.125755
320357.356344
320423.586932
320489.817520
320556.048109
320622.278697
320688.509286
320754.739874
320820.970462
320887.201051
320953.431639
321019.662228
321085.892816
321152.123405
321218.353993
321284.584581
321350.815170
321417.045758
321483.276347
321549.506935
321615.737524
321681.968112
321748.198700
321814.429289
321880.659877
321946.890466
322013.121054
322079.351643
322145.582231
322211.812819
322278.043408
322344.273996
322410.504585
322476.735173
322542.965762
322609.196350
322675.426938
322741.657527
322807.888115
322874.118704
322940.349292
323006.579881
323072.810469
323139.041057
323205.271646
323271.502234
323337.732823
323403.963411
323470.193999
323536.424588
323602.655176
323668.885765
323735.116353
323801.346942
323867.577530
323933.808118
324000.038707
324066.269295
324132.499884
324198.730472
324264.961061
324331.191649
324397.422237
324463.652826
324529.883414
324596.114003
324662.344591
324728.575180
324794.805768
324861.036356
324927.266945
324993.497533
325059.728122
325125.958710
325192.189299
325258.419887
325324.650475
325390.881064
325457.111652
325523.342241
325589.572829
325655.803418
325722.034006
325788.264594
325854.495183
325920.725771
325986.956360
326053.186948
326119.417537
326185.648125
326251.878713
326318.109302
326384.339890
326450.570479
326516.801067
326583.031655
326649.262244
326715.492832
326781.723421
326847.954009
326914.184598
326980.415186
327046.645774
327112.876363
327179.106951
327245.337540
327311.568128
327377.798717
327444.029305
327510.259893
327576.490482
327642.721070
327708.951659
327775.182247
327841.412836
327907.643424
327973.874012
328040.104601
328106.335189
328172.565778
328238.796366
328305.026955
328371.257543
328437.488131
328503.718720
328569.949308
328636.179897
328702.410485
328768.641074
328834.871662
328901.102250
328967.332839
329033.563427
329099.794016
329166.024604
329232.255193
329298.485781
329364.716369
329430.946958
329497.177546
329563.408135
329629.638723
329695.869311
329762.099900
329828.330488
329894.561077
329960.791665
330027.022254
330093.252842
330159.483430
330225.714019
330291.944607
330358.175196
330424.405784
330490.636373
330556.866961
330623.097549
330689.328138
330755.558726
330821.789315
330888.019903
330954.250492
331020.481080
331086.711668
