33.43057900
99.45187200
165.64010800
231.85252300
298.07301200
364.29717100
430.52330900
496.75063300
562.97872500
629.20734300
695.43633600
761.66560600
827.89508800
894.12473300
960.35450800
1026.58438900
1092.81435500
1159.04439200
1225.27448900
1291.50463600
1357.73482700
1423.96505400
1490.19531300
1556.42560100
1622.65591300
1688.88624700
1755.11659900
1821.34696900
1887.57735500
1953.80775400
2020.03816600
2086.26858800
2152.49902100
2218.72946400
2284.95991400
2351.19037300
2417.42083800
2483.65131100
2549.88178900
2616.11227300
2682.34276200
2748.57325500
2814.80375300
2881.03425600
2947.26476200
3013.49527200
3079.72578500
3145.95630100
3212.18682100
3278.41734300
3344.64786800
3410.87839500
3477.10892500
3543.33945600
3609.56999000
3675.80052600
3742.03106400
3808.26160300
3874.49214400
3940.72268700
4006.95323100
4073.18377700
4139.41432400
4205.64487200
4271.87542200
4338.10597300
4404.33652400
4470.56707700
4536.79763100
4603.02818600
4669.25874200
4735.48929900
4801.71985700
4867.95041600
4934.18097500
5000.41153500
5066.64209600
5132.87265800
5199.10322000
5265.33378300
5331.56434600
5397.79491100
5464.02547500
5530.25604100
5596.48660700
5662.71717300
5728.94774000
5795.17830700
5861.40887500
5927.63944400
5993.87001200
6060.10058200
6126.33115100
6192.56172100
6258.79229200
6325.02286200
6391.25343400
6457.48400500
6523.71457700
6589.94514900
6656.17572200
6722.40629500
6788.63686800
6854.86744100
6921.09801500
6987.32858900
7053.55916300
7119.78973800
7186.02031200
7252.25088800
7318.48146300
7384.71203800
7450.94261400
7517.17319000
7583.40376600
7649.63434300
7715.86491900
7782.09549600
7848.32607300
7914.55665000
7980.78722800
8047.01780500
8113.24838300
8179.47896100
8245.70953900
8311.94011700
8378.17069600
8444.40127400
8510.63185300
8576.86243200
8643.09301100
8709.32359000
8775.55416900
8841.78474900
8908.01532800
8974.24590800
9040.47648800
9106.70706800
9172.93764800
9239.16822800
9305.39880800
9371.62938900
9437.85996900
9504.09055000
9570.32113100
9636.55171200
9702.78229300
9769.01287400
9835.24345500
9901.47403600
9967.70461800
10033.93519900
10100.16578100
10166.39636200
10232.62694400
10298.85752600
10365.08810800
10431.31869000
10497.54927200
10563.77985400
10630.01043600
10696.24101800
10762.47160100
10828.70218300
10894.93276600
10961.16334800
11027.39393100
11093.62451400
11159.85509600
11226.08567900
11292.31626200
11358.54684500
11424.77742800
11491.00801100
11557.23859500
11623.46917800
11689.69976100
11755.93034500
11822.16092800
11888.39151100
11954.62209500
12020.85267800
12087.08326200
12153.31384600
12219.54443000
12285.77501300
12352.00559700
12418.23618100
12484.46676500
12550.69734900
12616.92793300
12683.15851700
12749.38910100
12815.61968500
12881.85027000
12948.08085400
13014.31143800
13080.54202200
13146.77260700
13213.00319100
13279.23377600
13345.46436000
13411.69494500
13477.92552900
13544.15611400
13610.38669900
13676.61728300
13742.84786800
13809.07845300
13875.30903800
13941.53962200
14007.77020700
14074.00079200
14140.23137700
14206.46196200
14272.69254700
14338.92313200
14405.15371700
14471.38430200
14537.61488700
14603.84547300
14670.07605800
14736.30664300
14802.53722800
14868.76781300
14934.99839900
15001.22898400
15067.45956900
15133.69015500
15199.92074000
15266.15132600
15332.38191100
15398.61249700
15464.84308200
15531.07366800
15597.30425300
15663.53483900
15729.76542400
15795.99601000
15862.22659600
15928.45718100
15994.68776700
16060.91835300
16127.14893800
16193.37952400
16259.61011000
16325.84069600
16392.07128200
16458.30186700
16524.53245300
16590.76303900
16656.99362500
16723.22421100
16789.45479700
16855.68538300
16921.91596900
16988.14655500
17054.37714100
17120.60772700
17186.83831300
17253.06889900
17319.29948500
17385.53007100
17451.76065800
17517.99124400
17584.22183000
17650.45241600
17716.68300200
17782.91358900
17849.14417500
17915.37476100
17981.60534700
18047.83593400
18114.06652000
18180.29710600
18246.52769300
18312.75827900
18378.98886500
18445.21945200
18511.45003800
18577.68062400
18643.91121100
18710.14179700
18776.37238400
18842.60297000
18908.83355700
18975.06414300
19041.29473000
19107.52531600
19173.75590300
19239.98648900
19306.21707600
19372.44766200
19438.67824900
19504.90883600
19571.13942200
19637.37000900
19703.60059500
19769.83118200
19836.06176900
19902.29235500
19968.52294200
20034.75352900
20100.98411600
20167.21470200
20233.44528900
20299.67587600
20365.90646200
20432.13704900
20498.36763600
20564.59822300
20630.82881000
20697.05939600
20763.28998300
20829.52057000
20895.75115700
20961.98174400
21028.21233100
21094.44291700
21160.67350400
21226.90409100
21293.13467800
21359.36526500
21425.59585200
21491.82643900
21558.05702600
21624.28761300
21690.51820000
21756.74878700
21822.97937400
21889.20996100
21955.44054800
22021.67113500
22087.90172200
22154.13230900
22220.36289600
22286.59348300
22352.82407000
22419.05465700
22485.28524400
22551.51583100
22617.74641800
22683.97700500
22750.20759200
22816.43817900
22882.66876600
22948.89935300
23015.12994000
23081.36052800
23147.59111500
23213.82170200
23280.05228900
23346.28287600
23412.51346300
23478.74405000
23544.97463800
23611.20522500
23677.43581200
23743.66639900
23809.89698600
23876.12757400
23942.35816100
24008.58874800
24074.81933500
24141.04992300
24207.28051000
24273.51109700
24339.74168400
24405.97227200
24472.20285900
24538.43344600
24604.66403300
24670.89462100
24737.12520800
24803.35579500
24869.58638300
24935.81697000
25002.04755700
25068.27814500
25134.50873200
25200.73931900
25266.96990700
25333.20049400
25399.43108100
25465.66166900
25531.89225600
25598.12284300
25664.35343100
25730.58401800
25796.81460500
25863.04519300
25929.27578000
25995.50636800
26061.73695500
26127.96754200
26194.19813000
26260.42871700
26326.65930500
26392.88989200
26459.12048000
26525.35106700
26591.58165500
26657.81224200
26724.04282900
26790.27341700
26856.50400400
26922.73459200
26988.96517900
27055.19576700
27121.42635400
27187.65694200
27253.88752900
27320.11811700
27386.34870400
27452.57929200
27518.80987900
27585.04046700
27651.27105400
27717.50164200
27783.73222900
27849.96281700
27916.19340400
27982.42399200
28048.65458000
28114.88516700
28181.11575500
28247.34634200
28313.57693000
28379.80751700
28446.03810500
28512.26869300
28578.49928000
28644.72986800
28710.96045500
28777.19104300
28843.42163000
28909.65221800
28975.88280600
29042.11339300
29108.34398100
29174.57456900
29240.80515600
29307.03574400
29373.26633100
29439.49691900
29505.72750700
29571.95809400
29638.18868200
29704.41927000
29770.64985700
29836.88044500
29903.11103300
29969.34162000
30035.57220800
30101.80279600
30168.03338300
30234.26397100
30300.49455900
30366.72514600
30432.95573400
30499.18632200
30565.41690900
30631.64749700
30697.87808500
30764.10867200
30830.33926000
30896.56984800
30962.80043600
31029.03102300
31095.26161100
31161.49219900
31227.72278600
31293.95337400
31360.18396200
31426.41455000
31492.64513700
31558.87572500
31625.10631300
31691.33690100
31757.56748800
31823.79807600
31890.02866400
31956.25925100
32022.48983900
32088.72042700
32154.95101500
32221.18160300
32287.41219000
32353.64277800
32419.87336600
32486.10395400
32552.33454100
32618.56512900
32684.79571700
32751.02630500
32817.25689300
32883.48748000
32949.71806800
33015.94865600
33082.17924400
33148.40983200
33214.64041900
33280.87100700
33347.10159500
33413.33218300
33479.56277100
33545.79335800
33612.02394600
33678.25453400
33744.48512200
33810.71571000
33876.94629800
33943.17688500
34009.40747300
34075.63806100
34141.86864900
34208.09923700
34274.32982500
34340.56041200
34406.79100000
34473.02158800
34539.25217600
34605.48276400
34671.71335200
34737.94394000
34804.17452700
34870.40511500
34936.63570300
35002.86629100
35069.09687900
35135.32746700
35201.55805500
35267.78864200
35334.01923000
35400.24981800
35466.48040600
35532.71099400
35598.94158200
35665.17217000
35731.40275800
35797.63334600
35863.86393300
35930.09452100
35996.32510900
36062.55569700
36128.78628500
36195.01687300
36261.24746100
36327.47804900
36393.70863700
36459.93922500
36526.16981200
36592.40040000
36658.63098800
36724.86157600
36791.09216400
36857.32275200
36923.55334000
36989.78392800
37056.01451600
37122.24510400
37188.47569200
37254.70628000
37320.93686800
37387.16745600
37453.39804300
37519.62863100
37585.85921900
37652.08980700
37718.32039500
37784.55098300
37850.78157100
37917.01215900
37983.24274700
38049.47333500
38115.70392300
38181.93451100
38248.16509900
38314.39568700
38380.62627500
38446.85686300
38513.08745100
38579.31803900
38645.54862700
38711.77921500
38778.00980300
38844.24039100
38910.47097900
38976.70156700
39042.93215500
39109.16274300
39175.39333100
39241.62391900
39307.85450600
39374.08509400
39440.31568200
39506.54627000
39572.77685800
39639.00744600
39705.23803400
39771.46862200
39837.69921000
39903.92979800
39970.16038600
40036.39097400
40102.62156200
40168.85215000
40235.08273800
40301.31332600
40367.54391400
40433.77450200
40500.00509000
40566.23567900
40632.46626700
40698.69685500
40764.92744300
40831.15803100
40897.38861900
40963.61920700
41029.84979500
41096.08038300
41162.31097100
41228.54155900
41294.77214700
41361.00273500
41427.23332300
41493.46391100
41559.69449900
41625.92508700
41692.15567500
41758.38626300
41824.61685100
41890.84743900
41957.07802700
42023.30861500
42089.53920300
42155.76979100
42222.00037900
42288.23096700
42354.46155500
42420.69214300
42486.92273100
42553.15332000
42619.38390800
42685.61449600
42751.84508400
42818.07567200
42884.30626000
42950.53684800
43016.76743600
43082.99802400
43149.22861200
43215.45920000
43281.68978800
43347.92037600
43414.15096400
43480.38155200
43546.61214000
43612.84272900
43679.07331700
43745.30390500
43811.53449300
43877.76508100
43943.99566900
44010.22625700
44076.45684500
44142.68743300
44208.91802100
44275.14860900
44341.37919700
44407.60978500
44473.84037400
44540.07096200
44606.30155000
44672.53213800
44738.76272600
44804.99331400
44871.22390200
44937.45449000
45003.68507800
45069.91566600
45136.14625400
45202.37684300
45268.60743100
45334.83801900
45401.06860700
45467.29919500
45533.52978300
45599.76037100
45665.99095900
45732.22154700
45798.45213500
45864.68272400
45930.91331200
45997.14390000
46063.37448800
46129.60507600
46195.83566400
46262.06625200
46328.29684000
46394.52742800
46460.75801700
46526.98860500
46593.21919300
46659.44978100
46725.68036900
46791.91095700
46858.14154500
46924.37213300
46990.60272200
47056.83331000
47123.06389800
47189.29448600
47255.52507400
47321.75566200
47387.98625000
47454.21683800
47520.44742700
47586.67801500
47652.90860300
47719.13919100
47785.36977900
47851.60036700
47917.83095500
47984.06154300
48050.29213200
48116.52272000
48182.75330800
48248.98389600
48315.21448400
48381.44507200
48447.67566000
48513.90624900
48580.13683700
48646.36742500
48712.59801300
48778.82860100
48845.05918900
48911.28977700
48977.52036600
49043.75095400
49109.98154200
49176.21213000
49242.44271800
49308.67330600
49374.90389400
49441.13448300
49507.36507100
49573.59565900
49639.82624700
49706.05683500
49772.28742300
49838.51801200
49904.74860000
49970.97918800
50037.20977600
50103.44036400
50169.67095200
50235.90154100
50302.13212900
50368.36271700
50434.59330500
50500.82389300
50567.05448100
50633.28507000
50699.51565800
50765.74624600
50831.97683400
50898.20742200
50964.43801000
51030.66859900
51096.89918700
51163.12977500
51229.36036300
51295.59095100
51361.82153900
51428.05212800
51494.28271600
51560.51330400
51626.74389200
51692.97448000
51759.20506800
51825.43565700
51891.66624500
51957.89683300
52024.12742100
52090.35800900
52156.58859800
52222.81918600
52289.04977400
52355.28036200
52421.51095000
52487.74153800
52553.97212700
52620.20271500
52686.43330300
52752.66389100
52818.89447900
52885.12506800
52951.35565600
53017.58624400
53083.81683200
53150.04742000
53216.27800900
53282.50859700
53348.73918500
53414.96977300
53481.20036100
53547.43094900
53613.66153800
53679.89212600
53746.12271400
53812.35330200
53878.58389000
53944.81447900
54011.04506700
54077.27565500
54143.50624300
54209.73683100
54275.96742000
54342.19800800
54408.42859600
54474.65918400
54540.88977200
54607.12036100
54673.35094900
54739.58153700
54805.81212500
54872.04271400
54938.27330200
55004.50389000
55070.73447800
55136.96506600
55203.19565500
55269.42624300
55335.65683100
55401.88741900
55468.11800700
55534.34859600
55600.57918400
55666.80977200
55733.04036000
55799.27094800
55865.50153700
55931.73212500
55997.96271300
56064.19330100
56130.42389000
56196.65447800
56262.88506600
56329.11565400
56395.34624200
56461.57683100
56527.80741900
56594.03800700
56660.26859500
56726.49918400
56792.72977200
56858.96036000
56925.19094800
56991.42153600
57057.65212500
57123.88271300
57190.11330100
57256.34388900
57322.57447800
57388.80506600
57455.03565400
57521.26624200
57587.49683000
57653.72741900
57719.95800700
57786.18859500
57852.41918300
57918.64977200
57984.88036000
58051.11094800
58117.34153600
58183.57212500
58249.80271300
58316.03330100
58382.26388900
58448.49447700
58514.72506600
58580.95565400
58647.18624200
58713.41683000
58779.64741900
58845.87800700
58912.10859500
58978.33918300
59044.56977200
59110.80036000
59177.03094800
59243.26153600
59309.49212500
59375.72271300
59441.95330100
59508.18388900
59574.41447700
59640.64506600
59706.87565400
59773.10624200
59839.33683000
59905.56741900
59971.79800700
60038.02859500
60104.25918300
60170.48977200
60236.72036000
60302.95094800
60369.18153600
60435.41212500
60501.64271300
60567.87330100
60634.10388900
60700.33447800
60766.56506600
60832.79565400
60899.02624200
60965.25683100
61031.48741900
61097.71800700
61163.94859500
61230.17918400
61296.40977200
61362.64036000
61428.87094800
61495.10153700
61561.33212500
61627.56271300
61693.79330100
61760.02389000
61826.25447800
61892.48506600
61958.71565400
62024.94624300
62091.17683100
62157.40741900
62223.63800800
62289.86859600
62356.09918400
62422.32977200
62488.56036100
62554.79094900
62621.02153700
62687.25212500
62753.48271400
62819.71330200
62885.94389000
62952.17447800
63018.40506700
63084.63565500
63150.86624300
63217.09683100
63283.32742000
63349.55800800
63415.78859600
63482.01918400
63548.24977300
63614.48036100
63680.71094900
63746.94153800
63813.17212600
63879.40271400
63945.63330200
64011.86389100
64078.09447900
64144.32506700
64210.55565500
64276.78624400
64343.01683200
64409.24742000
64475.47800900
64541.70859700
64607.93918500
64674.16977300
64740.40036200
64806.63095000
64872.86153800
64939.09212600
65005.32271500
65071.55330300
65137.78389100
65204.01448000
65270.24506800
65336.47565600
65402.70624400
65468.93683300
65535.16742100
65601.39800900
65667.62859700
65733.85918600
65800.08977400
65866.32036200
65932.55095100
65998.78153900
66065.01212700
66131.24271500
66197.47330400
66263.70389200
66329.93448000
66396.16506800
66462.39565700
66528.62624500
66594.85683300
66661.08742200
66727.31801000
66793.54859800
66859.77918600
66926.00977500
66992.24036300
67058.47095100
67124.70154000
67190.93212800
67257.16271600
67323.39330400
67389.62389300
67455.85448100
67522.08506900
67588.31565800
67654.54624600
67720.77683400
67787.00742200
67853.23801100
67919.46859900
67985.69918700
68051.92977600
68118.16036400
68184.39095200
68250.62154000
68316.85212900
68383.08271700
68449.31330500
68515.54389400
68581.77448200
68648.00507000
68714.23565800
68780.46624700
68846.69683500
68912.92742300
68979.15801200
69045.38860000
69111.61918800
69177.84977700
69244.08036500
69310.31095300
69376.54154100
69442.77213000
69509.00271800
69575.23330600
69641.46389500
69707.69448300
69773.92507100
69840.15565900
69906.38624800
69972.61683600
70038.84742400
70105.07801300
70171.30860100
70237.53918900
70303.76977800
70370.00036600
70436.23095400
70502.46154200
70568.69213100
70634.92271900
70701.15330700
70767.38389600
70833.61448400
70899.84507200
70966.07566100
71032.30624900
71098.53683700
71164.76742500
71230.99801400
71297.22860200
71363.45919000
71429.68977900
71495.92036700
71562.15095500
71628.38154400
71694.61213200
71760.84272000
71827.07330800
71893.30389700
71959.53448500
72025.76507300
72091.99566200
72158.22625000
72224.45683800
72290.68742700
72356.91801500
72423.14860300
72489.37919200
72555.60978000
72621.84036800
72688.07095600
72754.30154500
72820.53213300
72886.76272100
72952.99331000
73019.22389800
73085.45448600
73151.68507500
73217.91566300
73284.14625100
73350.37684000
73416.60742800
73482.83801600
73549.06860400
73615.29919300
73681.52978100
73747.76036900
73813.99095800
73880.22154600
73946.45213400
74012.68272300
74078.91331100
74145.14389900
74211.37448800
74277.60507600
74343.83566400
74410.06625200
74476.29684100
74542.52742900
74608.75801700
74674.98860600
74741.21919400
74807.44978200
74873.68037100
74939.91095900
75006.14154700
75072.37213600
75138.60272400
75204.83331200
75271.06390100
75337.29448900
75403.52507700
75469.75566600
75535.98625400
75602.21684200
75668.44743000
75734.67801900
75800.90860700
75867.13919500
75933.36978400
75999.60037200
76065.83096000
76132.06154900
76198.29213700
76264.52272500
76330.75331400
76396.98390200
76463.21449000
76529.44507900
76595.67566700
76661.90625500
76728.13684400
76794.36743200
76860.59802000
76926.82860900
76993.05919700
77059.28978500
77125.52037300
77191.75096200
77257.98155000
77324.21213800
77390.44272700
77456.67331500
77522.90390300
77589.13449200
77655.36508000
77721.59566800
77787.82625700
77854.05684500
77920.28743300
77986.51802200
78052.74861000
78118.97919800
78185.20978700
78251.44037500
78317.67096300
78383.90155200
78450.13214000
78516.36272800
78582.59331700
78648.82390500
78715.05449300
78781.28508200
78847.51567000
78913.74625800
78979.97684700
79046.20743500
79112.43802300
79178.66861200
79244.89920000
79311.12978800
79377.36037700
79443.59096500
79509.82155300
79576.05214100
79642.28273000
79708.51331800
79774.74390600
79840.97449500
79907.20508300
79973.43567100
80039.66626000
80105.89684800
80172.12743600
80238.35802500
80304.58861300
80370.81920100
80437.04979000
80503.28037800
80569.51096600
80635.74155500
80701.97214300
80768.20273100
80834.43332000
80900.66390800
80966.89449600
81033.12508500
81099.35567300
81165.58626100
81231.81685000
81298.04743800
81364.27802600
81430.50861500
81496.73920300
81562.96979100
81629.20038000
81695.43096800
81761.66155600
81827.89214500
81894.12273300
81960.35332100
82026.58391000
82092.81449800
82159.04508600
82225.27567500
82291.50626300
82357.73685100
82423.96744000
82490.19802800
82556.42861600
82622.65920500
82688.88979300
82755.12038100
82821.35097000
82887.58155800
82953.81214600
83020.04273500
83086.27332300
83152.50391100
83218.73450000
83284.96508800
83351.19567600
83417.42626500
83483.65685300
83549.88744200
83616.11803000
83682.34861800
83748.57920700
83814.80979500
83881.04038300
83947.27097200
84013.50156000
84079.73214800
84145.96273700
84212.19332500
84278.42391300
84344.65450200
84410.88509000
84477.11567800
84543.34626700
84609.57685500
84675.80744300
84742.03803200
84808.26862000
84874.49920800
84940.72979700
85006.96038500
85073.19097300
85139.42156200
85205.65215000
85271.88273800
85338.11332700
85404.34391500
85470.57450300
85536.80509200
85603.03568000
85669.26626800
85735.49685700
85801.72744500
85867.95803300
85934.18862200
86000.41921000
86066.64979800
86132.88038700
86199.11097500
86265.34156400
86331.57215200
86397.80274000
86464.03332900
86530.26391700
86596.49450500
86662.72509400
86728.95568200
86795.18627000
86861.41685900
86927.64744700
86993.87803500
87060.10862400
87126.33921200
87192.56980000
87258.80038900
87325.03097700
87391.26156500
87457.49215400
87523.72274200
87589.95333000
87656.18391900
87722.41450700
87788.64509500
87854.87568400
87921.10627200
87987.33686100
88053.56744900
88119.79803700
88186.02862600
88252.25921400
88318.48980200
88384.72039100
88450.95097900
88517.18156700
88583.41215600
88649.64274400
88715.87333200
88782.10392100
88848.33450900
88914.56509700
88980.79568600
89047.02627400
89113.25686200
89179.48745100
89245.71803900
89311.94862800
89378.17921600
89444.40980400
89510.64039300
89576.87098100
89643.10156900
89709.33215800
89775.56274600
89841.79333400
89908.02392300
89974.25451100
90040.48509900
90106.71568800
90172.94627600
90239.17686400
90305.40745300
90371.63804100
90437.86863000
90504.09921800
90570.32980600
90636.56039500
90702.79098300
90769.02157100
90835.25216000
90901.48274800
90967.71333600
91033.94392500
91100.17451300
91166.40510100
91232.63569000
91298.86627800
91365.09686600
91431.32745500
91497.55804300
91563.78863200
91630.01922000
91696.24980800
91762.48039700
91828.71098500
91894.94157300
91961.17216200
92027.40275000
92093.63333800
92159.86392700
92226.09451500
92292.32510300
92358.55569200
92424.78628000
92491.01686900
92557.24745700
92623.47804500
92689.70863400
92755.93922200
92822.16981000
92888.40039900
92954.63098700
93020.86157500
93087.09216400
93153.32275200
93219.55334000
93285.78392900
93352.01451700
93418.24510600
93484.47569400
93550.70628200
93616.93687100
93683.16745900
93749.39804700
93815.62863600
93881.85922400
93948.08981200
94014.32040100
94080.55098900
94146.78157700
94213.01216600
94279.24275400
94345.47334300
94411.70393100
94477.93451900
94544.16510800
94610.39569600
94676.62628400
94742.85687300
94809.08746100
94875.31804900
94941.54863800
95007.77922600
95074.00981500
95140.24040300
95206.47099100
95272.70158000
95338.93216800
95405.16275600
95471.39334500
95537.62393300
95603.85452100
95670.08511000
95736.31569800
95802.54628700
95868.77687500
95935.00746300
96001.23805200
96067.46864000
96133.69922800
96199.92981700
96266.16040500
96332.39099300
96398.62158200
96464.85217000
96531.08275900
96597.31334700
96663.54393500
96729.77452400
96796.00511200
96862.23570000
96928.46628900
96994.69687700
97060.92746500
97127.15805400
97193.38864200
97259.61923100
97325.84981900
97392.08040700
97458.31099600
97524.54158400
97590.77217200
97657.00276100
97723.23334900
97789.46393700
97855.69452600
97921.92511400
97988.15570300
98054.38629100
98120.61687900
98186.84746800
98253.07805600
98319.30864400
98385.53923300
98451.76982100
98518.00040900
98584.23099800
98650.46158600
98716.69217500
98782.92276300
98849.15335100
98915.38394000
98981.61452800
99047.84511600
99114.07570500
99180.30629300
99246.53688200
99312.76747000
99378.99805800
99445.22864700
99511.45923500
99577.68982300
99643.92041200
99710.15100000
99776.38158800
99842.61217700
99908.84276500
99975.07335400
100041.30394200
100107.53453000
100173.76511900
100239.99570700
100306.22629500
100372.45688400
100438.68747200
100504.91806100
100571.14864900
100637.37923700
100703.60982600
100769.84041400
100836.07100200
100902.30159100
100968.53217900
101034.76276700
101100.99335600
101167.22394400
101233.45453300
101299.68512100
101365.91570900
101432.14629800
101498.37688600
101564.60747400
101630.83806300
101697.06865100
101763.29924000
101829.52982800
101895.76041600
101961.99100500
102028.22159300
102094.45218100
102160.68277000
102226.91335800
102293.14394700
102359.37453500
102425.60512300
102491.83571200
102558.06630000
102624.29688800
102690.52747700
102756.75806500
102822.98865400
102889.21924200
102955.44983000
103021.68041900
103087.91100700
103154.14159500
103220.37218400
103286.60277200
103352.83336000
103419.06394900
103485.29453700
103551.52512600
103617.75571400
103683.98630200
103750.21689100
103816.44747900
103882.67806700
103948.90865600
104015.13924400
104081.36983300
104147.60042100
104213.83100900
104280.06159800
104346.29218600
104412.52277400
104478.75336300
104544.98395100
104611.21454000
104677.44512800
104743.67571600
104809.90630500
104876.13689300
104942.36748100
105008.59807000
105074.82865800
105141.05924700
105207.28983500
105273.52042300
105339.75101200
105405.98160000
105472.21218800
105538.44277700
105604.67336500
105670.90395400
105737.13454200
105803.36513000
105869.59571900
105935.82630700
106002.05689500
106068.28748400
106134.51807200
106200.74866100
106266.97924900
106333.20983700
106399.44042600
106465.67101400
106531.90160200
106598.13219100
106664.36277900
106730.59336800
106796.82395600
106863.05454400
106929.28513300
106995.51572100
107061.74631000
107127.97689800
107194.20748600
107260.43807500
107326.66866300
107392.89925100
107459.12984000
107525.36042800
107591.59101700
107657.82160500
107724.05219300
107790.28278200
107856.51337000
107922.74395800
107988.97454700
108055.20513500
108121.43572400
108187.66631200
108253.89690000
108320.12748900
108386.35807700
108452.58866500
108518.81925400
108585.04984200
108651.28043100
108717.51101900
108783.74160700
108849.97219600
108916.20278400
108982.43337300
109048.66396100
109114.89454900
109181.12513800
109247.35572600
109313.58631400
109379.81690300
109446.04749100
109512.27808000
109578.50866800
109644.73925600
109710.96984500
109777.20043300
109843.43102100
109909.66161000
109975.89219800
110042.12278700
110108.35337500
110174.58396300
110240.81455200
110307.04514000
110373.27572800
110439.50631700
110505.73690500
110571.96749400
110638.19808200
110704.42867000
110770.65925900
110836.88984700
110903.12043600
110969.35102400
111035.58161200
111101.81220100
111168.04278900
111234.27337700
111300.50396600
111366.73455400
111432.96514300
111499.19573100
111565.42631900
111631.65690800
111697.88749600
111764.11808500
111830.34867300
111896.57926100
111962.80985000
112029.04043800
112095.27102600
112161.50161500
112227.73220300
112293.96279200
112360.19338000
112426.42396800
112492.65455700
112558.88514500
112625.11573400
112691.34632200
112757.57691000
112823.80749900
112890.03808700
112956.26867500
113022.49926400
113088.72985200
113154.96044100
113221.19102900
113287.42161700
113353.65220600
113419.88279400
113486.11338200
113552.34397100
113618.57455900
113684.80514800
113751.03573600
113817.26632400
113883.49691300
113949.72750100
114015.95809000
114082.18867800
114148.41926600
114214.64985500
114280.88044300
114347.11103100
114413.34162000
114479.57220800
114545.80279700
114612.03338500
114678.26397300
114744.49456200
114810.72515000
114876.95573900
114943.18632700
115009.41691500
115075.64750400
115141.87809200
115208.10868100
115274.33926900
115340.56985700
115406.80044600
115473.03103400
115539.26162200
115605.49221100
115671.72279900
115737.95338800
115804.18397600
115870.41456400
115936.64515300
116002.87574100
116069.10633000
116135.33691800
116201.56750600
116267.79809500
116334.02868300
116400.25927100
116466.48986000
116532.72044800
116598.95103700
116665.18162500
116731.41221300
116797.64280200
116863.87339000
116930.10397900
116996.33456700
117062.56515500
117128.79574400
117195.02633200
117261.25692100
117327.48750900
117393.71809700
117459.94868600
117526.17927400
117592.40986200
117658.64045100
117724.87103900
117791.10162800
117857.33221600
117923.56280400
117989.79339300
118056.02398100
118122.25457000
118188.48515800
118254.71574600
118320.94633500
118387.17692300
118453.40751100
118519.63810000
118585.86868800
118652.09927700
118718.32986500
118784.56045300
118850.79104200
118917.02163000
118983.25221900
119049.48280700
119115.71339500
119181.94398400
119248.17457200
119314.40516100
119380.63574900
119446.86633700
119513.09692600
119579.32751400
119645.55810300
119711.78869100
119778.01927900
119844.24986800
119910.48045600
119976.71104400
120042.94163300
120109.17222100
120175.40281000
120241.63339800
120307.86398600
120374.09457500
120440.32516300
120506.55575200
120572.78634000
120639.01692800
120705.24751700
120771.47810500
120837.70869400
120903.93928200
120970.16987000
121036.40045900
121102.63104700
121168.86163500
121235.09222400
121301.32281200
121367.55340100
121433.78398900
121500.01457700
121566.24516600
121632.47575400
121698.70634300
121764.93693100
121831.16751900
121897.39810800
121963.62869600
122029.85928500
122096.08987300
122162.32046100
122228.55105000
122294.78163800
122361.01222700
122427.24281500
122493.47340300
122559.70399200
122625.93458000
122692.16516800
122758.39575700
122824.62634500
122890.85693400
122957.08752200
123023.31811000
123089.54869900
123155.77928700
123222.00987600
123288.24046400
123354.47105200
123420.70164100
123486.93222900
123553.16281800
123619.39340600
123685.62399400
123751.85458300
123818.08517100
123884.31576000
123950.54634800
124016.77693600
124083.00752500
124149.23811300
124215.46870200
124281.69929000
124347.92987800
124414.16046700
124480.39105500
124546.62164300
124612.85223200
124679.08282000
124745.31340900
124811.54399700
124877.77458500
124944.00517400
125010.23576200
125076.46635100
125142.69693900
125208.92752700
125275.15811600
125341.38870400
125407.61929300
125473.84988100
125540.08046900
125606.31105800
125672.54164600
125738.77223500
125805.00282300
125871.23341100
125937.46400000
126003.69458800
126069.92517700
126136.15576500
126202.38635300
126268.61694200
126334.84753000
126401.07811900
126467.30870700
126533.53929500
126599.76988400
126666.00047200
126732.23106100
126798.46164900
126864.69223700
126930.92282600
126997.15341400
127063.38400200
127129.61459100
127195.84517900
127262.07576800
127328.30635600
127394.53694400
127460.76753300
127526.99812100
127593.22871000
127659.45929800
127725.68988600
127791.92047500
127858.15106300
127924.38165200
127990.61224000
128056.84282800
128123.07341700
128189.30400500
128255.53459400
128321.76518200
128387.99577000
128454.22635900
128520.45694700
128586.68753600
128652.91812400
128719.14871200
128785.37930100
128851.60988900
128917.84047800
128984.07106600
129050.30165400
129116.53224300
129182.76283100
129248.99342000
129315.22400800
129381.45459600
129447.68518500
129513.91577300
129580.14636200
129646.37695000
129712.60753800
129778.83812700
129845.06871500
129911.29930400
129977.52989200
130043.76048000
130109.99106900
130176.22165700
130242.45224600
130308.68283400
130374.91342200
130441.14401100
130507.37459900
130573.60518800
130639.83577600
130706.06636400
130772.29695300
130838.52754100
130904.75812900
130970.98871800
131037.21930600
131103.44989500
131169.68048300
131235.91107100
131302.14166000
131368.37224800
131434.60283700
131500.83342500
131567.06401300
131633.29460200
131699.52519000
131765.75577900
131831.98636700
131898.21695500
131964.44754400
132030.67813200
132096.90872100
132163.13930900
132229.36989700
132295.60048600
132361.83107400
132428.06166300
132494.29225100
132560.52283900
132626.75342800
132692.98401600
132759.21460500
132825.44519300
132891.67578100
132957.90637000
133024.13695800
133090.36754700
133156.59813500
133222.82872300
133289.05931200
133355.28990000
133421.52048900
133487.75107700
133553.98166500
133620.21225400
133686.44284200
133752.67343100
133818.90401900
133885.13460700
133951.36519600
134017.59578400
134083.82637300
134150.05696100
134216.28754900
134282.51813800
134348.74872600
134414.97931500
134481.20990300
134547.44049100
134613.67108000
134679.90166800
134746.13225700
134812.36284500
134878.59343300
134944.82402200
135011.05461000
135077.28519900
135143.51578700
135209.74637500
135275.97696400
135342.20755200
135408.43814100
135474.66872900
135540.89931700
135607.12990600
135673.36049400
135739.59108300
135805.82167100
135872.05225900
135938.28284800
136004.51343600
136070.74402500
136136.97461300
136203.20520100
136269.43579000
136335.66637800
136401.89696700
136468.12755500
136534.35814300
136600.58873200
136666.81932000
136733.04990900
136799.28049700
136865.51108500
136931.74167400
136997.97226200
137064.20285100
137130.43343900
137196.66402700
137262.89461600
137329.12520400
137395.35579300
137461.58638100
137527.81696900
137594.04755800
137660.27814600
137726.50873500
137792.73932300
137858.96991100
137925.20050000
137991.43108800
138057.66167700
138123.89226500
138190.12285400
138256.35344200
138322.58403000
138388.81461900
138455.04520700
138521.27579600
138587.50638400
138653.73697200
138719.96756100
138786.19814900
138852.42873800
138918.65932600
138984.88991400
139051.12050300
139117.35109100
139183.58168000
139249.81226800
139316.04285600
139382.27344500
139448.50403300
139514.73462200
139580.96521000
139647.19579800
139713.42638700
139779.65697500
139845.88756400
139912.11815200
139978.34874000
140044.57932900
140110.80991700
140177.04050600
140243.27109400
140309.50168200
140375.73227100
140441.96285900
140508.19344800
140574.42403600
140640.65462400
140706.88521300
140773.11580100
140839.34639000
140905.57697800
140971.80756600
141038.03815500
141104.26874300
141170.49933200
141236.72992000
141302.96050800
141369.19109700
141435.42168500
141501.65227400
141567.88286200
141634.11345000
141700.34403900
141766.57462700
141832.80521600
141899.03580400
141965.26639200
142031.49698100
142097.72756900
142163.95815800
142230.18874600
142296.41933400
142362.64992300
142428.88051100
142495.11110000
142561.34168800
142627.57227700
142693.80286500
142760.03345300
142826.26404200
142892.49463000
142958.72521900
143024.95580700
143091.18639500
143157.41698400
143223.64757200
143289.87816100
143356.10874900
143422.33933700
143488.56992600
143554.80051400
143621.03110300
143687.26169100
143753.49227900
143819.72286800
143885.95345600
143952.18404500
144018.41463300
144084.64522100
144150.87581000
144217.10639800
144283.33698700
144349.56757500
144415.79816300
144482.02875200
144548.25934000
144614.48992900
144680.72051700
144746.95110500
144813.18169400
144879.41228200
144945.64287100
145011.87345900
145078.10404700
145144.33463600
145210.56522400
145276.79581300
145343.02640100
145409.25699000
145475.48757800
145541.71816600
145607.94875500
145674.17934300
145740.40993200
145806.64052000
145872.87110800
145939.10169700
146005.33228500
146071.56287400
146137.79346200
146204.02405000
146270.25463900
146336.48522700
146402.71581600
146468.94640400
146535.17699200
146601.40758100
146667.63816900
146733.86875800
146800.09934600
146866.32993400
146932.56052300
146998.79111100
147065.02170000
147131.25228800
147197.48287600
147263.71346500
147329.94405300
147396.17464200
147462.40523000
147528.63581900
147594.86640700
147661.09699500
147727.32758400
147793.55817200
147859.78876100
147926.01934900
147992.24993700
148058.48052600
148124.71111400
148190.94170300
148257.17229100
148323.40287900
148389.63346800
148455.86405600
148522.09464500
148588.32523300
148654.55582100
148720.78641000
148787.01699800
148853.24758700
148919.47817500
148985.70876300
149051.93935200
149118.16994000
149184.40052900
149250.63111700
149316.86170600
149383.09229400
149449.32288200
149515.55347100
149581.78405900
149648.01464800
149714.24523600
149780.47582400
149846.70641300
149912.93700100
149979.16759000
150045.39817800
150111.62876600
150177.85935500
150244.08994300
150310.32053200
150376.55112000
150442.78170800
150509.01229700
150575.24288500
150641.47347400
150707.70406200
150773.93465000
150840.16523900
150906.39582700
150972.62641600
151038.85700400
151105.08759300
151171.31818100
151237.54876900
151303.77935800
151370.00994600
151436.24053500
151502.47112300
151568.70171100
151634.93230000
151701.16288800
151767.39347700
151833.62406500
151899.85465300
151966.08524200
152032.31583000
152098.54641900
152164.77700700
152231.00759500
152297.23818400
152363.46877200
152429.69936100
152495.92994900
152562.16053800
152628.39112600
152694.62171400
152760.85230300
152827.08289100
152893.31348000
152959.54406800
153025.77465600
153092.00524500
153158.23583300
153224.46642200
153290.69701000
153356.92759800
153423.15818700
153489.38877500
153555.61936400
153621.84995200
153688.08054000
153754.31112900
153820.54171700
153886.77230600
153953.00289400
154019.23348200
154085.46407100
154151.69465900
154217.92524800
154284.15583600
154350.38642500
154416.61701300
154482.84760100
154549.07819000
154615.30877800
154681.53936700
154747.76995500
154814.00054300
154880.23113200
154946.46172000
155012.69230900
155078.92289700
155145.15348500
155211.38407400
155277.61466200
155343.84525100
155410.07583900
155476.30642800
155542.53701600
155608.76760400
155674.99819300
155741.22878100
155807.45937000
155873.68995800
155939.92054600
156006.15113500
156072.38172300
156138.61231200
156204.84290000
156271.07348800
156337.30407700
156403.53466500
156469.76525400
156535.99584200
156602.22643000
156668.45701900
156734.68760700
156800.91819600
156867.14878400
156933.37937300
156999.60996100
157065.84054900
157132.07113800
157198.30172600
157264.53231500
157330.76290300
157396.99349100
157463.22408000
157529.45466800
157595.68525700
157661.91584500
157728.14643300
157794.37702200
157860.60761000
157926.83819900
157993.06878700
158059.29937600
158125.52996400
158191.76055200
158257.99114100
158324.22172900
158390.45231800
158456.68290600
158522.91349400
158589.14408300
158655.37467100
158721.60526000
158787.83584800
158854.06643600
158920.29702500
158986.52761300
159052.75820200
159118.98879000
159185.21937800
159251.44996700
159317.68055500
159383.91114400
159450.14173200
159516.37232100
159582.60290900
159648.83349700
159715.06408600
159781.29467400
159847.52526300
159913.75585100
159979.98643900
160046.21702800
160112.44761600
160178.67820500
160244.90879300
160311.13938100
160377.36997000
160443.60055800
160509.83114700
160576.06173500
160642.29232400
160708.52291200
160774.75350000
160840.98408900
160907.21467700
160973.44526600
161039.67585400
161105.90644200
161172.13703100
161238.36761900
161304.59820800
161370.82879600
161437.05938400
161503.28997300
161569.52056100
161635.75115000
161701.98173800
161768.21232700
161834.44291500
161900.67350300
161966.90409200
162033.13468000
162099.36526900
162165.59585700
162231.82644500
162298.05703400
162364.28762200
162430.51821100
162496.74879900
162562.97938700
162629.20997600
162695.44056400
162761.67115300
162827.90174100
162894.13233000
162960.36291800
163026.59350600
163092.82409500
163159.05468300
163225.28527200
163291.51586000
163357.74644800
163423.97703700
163490.20762500
163556.43821400
163622.66880200
163688.89939000
163755.12997900
163821.36056700
163887.59115600
163953.82174400
164020.05233300
164086.28292100
164152.51350900
164218.74409800
164284.97468600
164351.20527500
164417.43586300
164483.66645100
164549.89704000
164616.12762800
164682.35821700
164748.58880500
164814.81939400
164881.04998200
164947.28057000
165013.51115900
165079.74174700
165145.97233600
165212.20292400
165278.43351200
165344.66410100
165410.89468900
165477.12527800
165543.35586600
165609.58645400
165675.81704300
165742.04763100
165808.27822000
165874.50880800
165940.73939700
166006.96998500
166073.20057300
166139.43116200
166205.66175000
166271.89233900
166338.12292700
166404.35351500
166470.58410400
166536.81469200
166603.04528100
166669.27586900
166735.50645700
166801.73704600
166867.96763400
166934.19822300
167000.42881100
167066.65940000
167132.88998800
167199.12057600
167265.35116500
167331.58175300
167397.81234200
167464.04293000
167530.27351800
167596.50410700
167662.73469500
167728.96528400
167795.19587200
167861.42646100
167927.65704900
167993.88763700
168060.11822600
168126.34881400
168192.57940300
168258.80999100
168325.04057900
168391.27116800
168457.50175600
168523.73234500
168589.96293300
168656.19352100
168722.42411000
168788.65469800
168854.88528700
168921.11587500
168987.34646400
169053.57705200
169119.80764000
169186.03822900
169252.26881700
169318.49940600
169384.72999400
169450.96058200
169517.19117100
169583.42175900
169649.65234800
169715.88293600
169782.11352500
169848.34411300
169914.57470100
169980.80529000
170047.03587800
170113.26646700
170179.49705500
170245.72764300
170311.95823200
170378.18882000
170444.41940900
170510.64999700
170576.88058600
170643.11117400
170709.34176200
170775.57235100
170841.80293900
170908.03352800
170974.26411600
171040.49470400
171106.72529300
171172.95588100
171239.18647000
171305.41705800
171371.64764600
171437.87823500
171504.10882300
171570.33941200
171636.57000000
171702.80058900
171769.03117700
171835.26176500
171901.49235400
171967.72294200
172033.95353100
172100.18411900
172166.41470700
172232.64529600
172298.87588400
172365.10647300
172431.33706100
172497.56765000
172563.79823800
172630.02882600
172696.25941500
172762.49000300
172828.72059200
172894.95118000
172961.18176800
173027.41235700
173093.64294500
173159.87353400
173226.10412200
173292.33471100
173358.56529900
173424.79588700
173491.02647600
173557.25706400
173623.48765300
173689.71824100
173755.94882900
173822.17941800
173888.41000600
173954.64059500
174020.87118300
174087.10177200
174153.33236000
174219.56294800
174285.79353700
174352.02412500
174418.25471400
174484.48530200
174550.71589000
174616.94647900
174683.17706700
174749.40765600
174815.63824400
174881.86883300
174948.09942100
175014.33000900
175080.56059800
175146.79118600
175213.02177500
175279.25236300
175345.48295100
175411.71354000
175477.94412800
175544.17471700
175610.40530500
175676.63589300
175742.86648200
175809.09707000
175875.32765900
175941.55824700
176007.78883600
176074.01942400
176140.25001200
176206.48060100
176272.71118900
176338.94177800
176405.17236600
176471.40295400
176537.63354300
176603.86413100
176670.09472000
176736.32530800
176802.55589700
176868.78648500
176935.01707300
177001.24766200
177067.47825000
177133.70883900
177199.93942700
177266.17001500
177332.40060400
177398.63119200
177464.86178100
177531.09236900
177597.32295800
177663.55354600
177729.78413400
177796.01472300
177862.24531100
177928.47590000
177994.70648800
178060.93707600
178127.16766500
178193.39825300
178259.62884200
178325.85943000
178392.09001900
178458.32060700
178524.55119500
178590.78178400
178657.01237200
178723.24296100
178789.47354900
178855.70413700
178921.93472600
178988.16531400
179054.39590300
179120.62649100
179186.85708000
179253.08766800
179319.31825600
179385.54884500
179451.77943300
179518.01002200
179584.24061000
179650.47119800
179716.70178700
179782.93237500
179849.16296400
179915.39355200
179981.62414100
180047.85472900
180114.08531700
180180.31590600
180246.54649400
180312.77708300
180379.00767100
180445.23825900
180511.46884800
180577.69943600
180643.93002500
180710.16061300
180776.39120200
180842.62179000
180908.85237800
180975.08296700
181041.31355500
181107.54414400
181173.77473200
181240.00532100
181306.23590900
181372.46649700
181438.69708600
181504.92767400
181571.15826300
181637.38885100
181703.61943900
181769.85002800
181836.08061600
181902.31120500
181968.54179300
182034.77238200
182101.00297000
182167.23355800
182233.46414700
182299.69473500
182365.92532400
182432.15591200
182498.38650000
182564.61708900
182630.84767700
182697.07826600
182763.30885400
182829.53944300
182895.77003100
182962.00061900
183028.23120800
183094.46179600
183160.69238500
183226.92297300
183293.15356100
183359.38415000
183425.61473800
183491.84532700
183558.07591500
183624.30650400
183690.53709200
183756.76768000
183822.99826900
183889.22885700
183955.45944600
184021.69003400
184087.92062200
184154.15121100
184220.38179900
184286.61238800
184352.84297600
184419.07356500
184485.30415300
184551.53474100
184617.76533000
184683.99591800
184750.22650700
184816.45709500
184882.68768300
184948.91827200
185015.14886000
185081.37944900
185147.61003700
185213.84062600
185280.07121400
185346.30180200
185412.53239100
185478.76297900
185544.99356800
185611.22415600
185677.45474400
185743.68533300
185809.91592100
185876.14651000
185942.37709800
186008.60768700
186074.83827500
186141.06886300
186207.29945200
186273.53004000
186339.76062900
186405.99121700
186472.22180600
186538.45239400
186604.68298200
186670.91357100
186737.14415900
186803.37474800
186869.60533600
186935.83592400
187002.06651300
187068.29710100
187134.52769000
187200.75827800
187266.98886700
187333.21945500
187399.45004300
187465.68063200
187531.91122000
187598.14180900
187664.37239700
187730.60298500
187796.83357400
187863.06416200
187929.29475100
187995.52533900
188061.75592800
188127.98651600
188194.21710400
188260.44769300
188326.67828100
188392.90887000
188459.13945800
188525.37004700
188591.60063500
188657.83122300
188724.06181200
188790.29240000
188856.52298900
188922.75357700
188988.98416500
189055.21475400
189121.44534200
189187.67593100
189253.90651900
189320.13710800
189386.36769600
189452.59828400
189518.82887300
189585.05946100
189651.29005000
189717.52063800
189783.75122600
189849.98181500
189916.21240300
189982.44299200
190048.67358000
190114.90416900
190181.13475700
190247.36534500
190313.59593400
190379.82652200
190446.05711100
190512.28769900
190578.51828700
190644.74887600
190710.97946400
190777.21005300
190843.44064100
190909.67123000
190975.90181800
191042.13240600
191108.36299500
191174.59358300
191240.82417200
191307.05476000
191373.28534900
191439.51593700
191505.74652500
191571.97711400
191638.20770200
191704.43829100
191770.66887900
191836.89946700
191903.13005600
191969.36064400
192035.59123300
192101.82182100
192168.05241000
192234.28299800
192300.51358600
192366.74417500
192432.97476300
192499.20535200
192565.43594000
192631.66652900
192697.89711700
192764.12770500
192830.35829400
192896.58888200
192962.81947100
193029.05005900
193095.28064700
193161.51123600
193227.74182400
193293.97241300
193360.20300100
193426.43359000
193492.66417800
193558.89476600
193625.12535500
193691.35594300
193757.58653200
193823.81712000
193890.04770800
193956.27829700
194022.50888500
194088.73947400
194154.97006200
194221.20065100
194287.43123900
194353.66182700
194419.89241600
194486.12300400
194552.35359300
194618.58418100
194684.81477000
194751.04535800
194817.27594600
194883.50653500
194949.73712300
195015.96771200
195082.19830000
195148.42888800
195214.65947700
195280.89006500
195347.12065400
195413.35124200
195479.58183100
195545.81241900
195612.04300700
195678.27359600
195744.50418400
195810.73477300
195876.96536100
195943.19595000
196009.42653800
196075.65712600
196141.88771500
196208.11830300
196274.34889200
196340.57948000
196406.81006800
196473.04065700
196539.27124500
196605.50183400
196671.73242200
196737.96301100
196804.19359900
196870.42418700
196936.65477600
197002.88536400
197069.11595300
197135.34654100
197201.57713000
197267.80771800
197334.03830600
197400.26889500
197466.49948300
197532.73007200
197598.96066000
197665.19124800
197731.42183700
197797.65242500
197863.88301400
197930.11360200
197996.34419100
198062.57477900
198128.80536700
198195.03595600
198261.26654400
198327.49713300
198393.72772100
198459.95831000
198526.18889800
198592.41948600
198658.65007500
198724.88066300
198791.11125200
198857.34184000
198923.57242800
198989.80301700
199056.03360500
199122.26419400
199188.49478200
199254.72537100
199320.95595900
199387.18654700
199453.41713600
199519.64772400
199585.87831300
199652.10890100
199718.33948900
199784.57007800
199850.80066600
199917.03125500
199983.26184300
200049.49243200
200115.72302000
200181.95360800
200248.18419700
200314.41478500
200380.64537400
200446.87596200
200513.10655100
200579.33713900
200645.56772700
200711.79831600
200778.02890400
200844.25949300
200910.49008100
200976.72067000
201042.95125800
201109.18184600
201175.41243500
201241.64302300
201307.87361200
201374.10420000
201440.33478800
201506.56537700
201572.79596500
201639.02655400
201705.25714200
201771.48773100
201837.71831900
201903.94890700
201970.17949600
202036.41008400
202102.64067300
202168.87126100
202235.10185000
202301.33243800
202367.56302600
202433.79361500
202500.02420300
202566.25479200
202632.48538000
202698.71596800
202764.94655700
202831.17714500
202897.40773400
202963.63832200
203029.86891100
203096.09949900
203162.33008700
203228.56067600
203294.79126400
203361.02185300
203427.25244100
203493.48303000
203559.71361800
203625.94420600
203692.17479500
203758.40538300
203824.63597200
203890.86656000
203957.09714800
204023.32773700
204089.55832500
204155.78891400
204222.01950200
204288.25009100
204354.48067900
204420.71126700
204486.94185600
204553.17244400
204619.40303300
204685.63362100
204751.86421000
204818.09479800
204884.32538600
204950.55597500
205016.78656300
205083.01715200
205149.24774000
205215.47832800
205281.70891700
205347.93950500
205414.17009400
205480.40068200
205546.63127100
205612.86185900
205679.09244700
205745.32303600
205811.55362400
205877.78421300
205944.01480100
206010.24539000
206076.47597800
206142.70656600
206208.93715500
206275.16774300
206341.39833200
206407.62892000
206473.85950900
206540.09009700
206606.32068500
206672.55127400
206738.78186200
206805.01245100
206871.24303900
206937.47362700
207003.70421600
207069.93480400
207136.16539300
207202.39598100
207268.62657000
207334.85715800
207401.08774600
207467.31833500
207533.54892300
207599.77951200
207666.01010000
207732.24068900
207798.47127700
207864.70186500
207930.93245400
207997.16304200
208063.39363100
208129.62421900
208195.85480700
208262.08539600
208328.31598400
208394.54657300
208460.77716100
208527.00775000
208593.23833800
208659.46892600
208725.69951500
208791.93010300
208858.16069200
208924.39128000
208990.62186900
209056.85245700
209123.08304500
209189.31363400
209255.54422200
209321.77481100
209388.00539900
209454.23598800
209520.46657600
209586.69716400
209652.92775300
209719.15834100
209785.38893000
209851.61951800
209917.85010600
209984.08069500
210050.31128300
210116.54187200
210182.77246000
210249.00304900
210315.23363700
210381.46422500
210447.69481400
210513.92540200
210580.15599100
210646.38657900
210712.61716800
210778.84775600
210845.07834400
210911.30893300
210977.53952100
211043.77011000
211110.00069800
211176.23128700
211242.46187500
211308.69246300
211374.92305200
211441.15364000
211507.38422900
211573.61481700
211639.84540500
211706.07599400
211772.30658200
211838.53717100
211904.76775900
211970.99834800
212037.22893600
212103.45952400
212169.69011300
212235.92070100
212302.15129000
212368.38187800
212434.61246700
212500.84305500
212567.07364300
212633.30423200
212699.53482000
212765.76540900
212831.99599700
212898.22658600
212964.45717400
213030.68776200
213096.91835100
213163.14893900
213229.37952800
213295.61011600
213361.84070400
213428.07129300
213494.30188100
213560.53247000
213626.76305800
213692.99364700
213759.22423500
213825.45482300
213891.68541200
213957.91600000
214024.14658900
214090.37717700
214156.60776600
214222.83835400
214289.06894200
214355.29953100
214421.53011900
214487.76070800
214553.99129600
214620.22188500
214686.45247300
214752.68306100
214818.91365000
214885.14423800
214951.37482700
215017.60541500
215083.83600300
215150.06659200
215216.29718000
215282.52776900
215348.75835700
215414.98894600
215481.21953400
215547.45012200
215613.68071100
215679.91129900
215746.14188800
215812.37247600
215878.60306500
215944.83365300
216011.06424100
216077.29483000
216143.52541800
216209.75600700
216275.98659500
216342.21718400
216408.44777200
216474.67836000
216540.90894900
216607.13953700
216673.37012600
216739.60071400
216805.83130300
216872.06189100
216938.29247900
217004.52306800
217070.75365600
217136.98424500
217203.21483300
217269.44542100
217335.67601000
217401.90659800
217468.13718700
217534.36777500
217600.59836400
217666.82895200
217733.05954000
217799.29012900
217865.52071700
217931.75130600
217997.98189400
218064.21248300
218130.44307100
218196.67365900
218262.90424800
218329.13483600
218395.36542500
218461.59601300
218527.82660200
218594.05719000
218660.28777800
218726.51836700
218792.74895500
218858.97954400
218925.21013200
218991.44072000
219057.67130900
219123.90189700
219190.13248600
219256.36307400
219322.59366300
219388.82425100
219455.05483900
219521.28542800
219587.51601600
219653.74660500
219719.97719300
219786.20778200
219852.43837000
219918.66895800
219984.89954700
220051.13013500
220117.36072400
220183.59131200
220249.82190100
220316.05248900
220382.28307700
220448.51366600
220514.74425400
220580.97484300
220647.20543100
220713.43602000
220779.66660800
220845.89719600
220912.12778500
220978.35837300
221044.58896200
221110.81955000
221177.05013800
221243.28072700
221309.51131500
221375.74190400
221441.97249200
221508.20308100
221574.43366900
221640.66425700
221706.89484600
221773.12543400
221839.35602300
221905.58661100
221971.81720000
222038.04778800
222104.27837600
222170.50896500
222236.73955300
222302.97014200
222369.20073000
222435.43131900
222501.66190700
222567.89249500
222634.12308400
222700.35367200
222766.58426100
222832.81484900
222899.04543800
222965.27602600
223031.50661400
223097.73720300
223163.96779100
223230.19838000
223296.42896800
223362.65955700
223428.89014500
223495.12073300
223561.35132200
223627.58191000
223693.81249900
223760.04308700
223826.27367500
223892.50426400
223958.73485200
224024.96544100
224091.19602900
224157.42661800
224223.65720600
224289.88779400
224356.11838300
224422.34897100
224488.57956000
224554.81014800
224621.04073700
224687.27132500
224753.50191300
224819.73250200
224885.96309000
224952.19367900
225018.42426700
225084.65485600
225150.88544400
225217.11603200
225283.34662100
225349.57720900
225415.80779800
225482.03838600
225548.26897500
225614.49956300
225680.73015100
225746.96074000
225813.19132800
225879.42191700
225945.65250500
226011.88309400
226078.11368200
226144.34427000
226210.57485900
226276.80544700
226343.03603600
226409.26662400
226475.49721200
226541.72780100
226607.95838900
226674.18897800
226740.41956600
226806.65015500
226872.88074300
226939.11133100
227005.34192000
227071.57250800
227137.80309700
227204.03368500
227270.26427400
227336.49486200
227402.72545000
227468.95603900
227535.18662700
227601.41721600
227667.64780400
227733.87839300
227800.10898100
227866.33956900
227932.57015800
227998.80074600
228065.03133500
228131.26192300
228197.49251200
228263.72310000
228329.95368800
228396.18427700
228462.41486500
228528.64545400
228594.87604200
228661.10663100
228727.33721900
228793.56780700
228859.79839600
228926.02898400
228992.25957300
229058.49016100
229124.72074900
229190.95133800
229257.18192600
229323.41251500
229389.64310300
229455.87369200
229522.10428000
229588.33486800
229654.56545700
229720.79604500
229787.02663400
229853.25722200
229919.48781100
229985.71839900
230051.94898700
230118.17957600
230184.41016400
230250.64075300
230316.87134100
230383.10193000
230449.33251800
230515.56310600
230581.79369500
230648.02428300
230714.25487200
230780.48546000
230846.71604900
230912.94663700
230979.17722500
231045.40781400
231111.63840200
231177.86899100
231244.09957900
231310.33016800
231376.56075600
231442.79134400
231509.02193300
231575.25252100
231641.48311000
231707.71369800
231773.94428700
231840.17487500
231906.40546300
231972.63605200
232038.86664000
232105.09722900
232171.32781700
232237.55840500
232303.78899400
232370.01958200
232436.25017100
232502.48075900
232568.71134800
232634.94193600
232701.17252400
232767.40311300
232833.63370100
232899.86429000
232966.09487800
233032.32546700
233098.55605500
233164.78664300
233231.01723200
233297.24782000
233363.47840900
233429.70899700
233495.93958600
233562.17017400
233628.40076200
233694.63135100
233760.86193900
233827.09252800
233893.32311600
233959.55370500
234025.78429300
234092.01488100
234158.24547000
234224.47605800
234290.70664700
234356.93723500
234423.16782400
234489.39841200
234555.62900000
234621.85958900
234688.09017700
234754.32076600
234820.55135400
234886.78194300
234953.01253100
235019.24311900
235085.47370800
235151.70429600
235217.93488500
235284.16547300
235350.39606100
235416.62665000
235482.85723800
235549.08782700
235615.31841500
235681.54900400
235747.77959200
235814.01018000
235880.24076900
235946.47135700
236012.70194600
236078.93253400
236145.16312300
236211.39371100
236277.62429900
236343.85488800
236410.08547600
236476.31606500
236542.54665300
236608.77724200
236675.00783000
236741.23841800
236807.46900700
236873.69959500
236939.93018400
237006.16077200
237072.39136100
237138.62194900
237204.85253700
237271.08312600
237337.31371400
237403.54430300
237469.77489100
237536.00548000
237602.23606800
237668.46665600
237734.69724500
237800.92783300
237867.15842200
237933.38901000
237999.61959900
238065.85018700
238132.08077500
238198.31136400
238264.54195200
238330.77254100
238397.00312900
238463.23371800
238529.46430600
238595.69489400
238661.92548300
238728.15607100
238794.38666000
238860.61724800
238926.84783700
238993.07842500
239059.30901300
239125.53960200
239191.77019000
239258.00077900
239324.23136700
239390.46195500
239456.69254400
239522.92313200
239589.15372100
239655.38430900
239721.61489800
239787.84548600
239854.07607400
239920.30666300
239986.53725100
240052.76784000
240118.99842800
240185.22901700
240251.45960500
240317.69019300
240383.92078200
240450.15137000
240516.38195900
240582.61254700
240648.84313600
240715.07372400
240781.30431200
240847.53490100
240913.76548900
240979.99607800
241046.22666600
241112.45725500
241178.68784300
241244.91843100
241311.14902000
241377.37960800
241443.61019700
241509.84078500
241576.07137400
241642.30196200
241708.53255000
241774.76313900
241840.99372700
241907.22431600
241973.45490400
242039.68549300
242105.91608100
242172.14666900
242238.37725800
242304.60784600
242370.83843500
242437.06902300
242503.29961200
242569.53020000
242635.76078800
242701.99137700
242768.22196500
242834.45255400
242900.68314200
242966.91373100
243033.14431900
243099.37490700
243165.60549600
243231.83608400
243298.06667300
243364.29726100
243430.52785000
243496.75843800
243562.98902600
243629.21961500
243695.45020300
243761.68079200
243827.91138000
243894.14196900
243960.37255700
244026.60314500
244092.83373400
244159.06432200
244225.29491100
244291.52549900
244357.75608800
244423.98667600
244490.21726400
244556.44785300
244622.67844100
244688.90903000
244755.13961800
244821.37020600
244887.60079500
244953.83138300
245020.06197200
245086.29256000
245152.52314900
245218.75373700
245284.98432500
245351.21491400
245417.44550200
245483.67609100
245549.90667900
245616.13726800
245682.36785600
245748.59844400
245814.82903300
245881.05962100
245947.29021000
246013.52079800
246079.75138700
246145.98197500
246212.21256300
246278.44315200
246344.67374000
246410.90432900
246477.13491700
246543.36550600
246609.59609400
246675.82668200
246742.05727100
246808.28785900
246874.51844800
246940.74903600
247006.97962500
247073.21021300
247139.44080100
247205.67139000
247271.90197800
247338.13256700
247404.36315500
247470.59374400
247536.82433200
247603.05492000
247669.28550900
247735.51609700
247801.74668600
247867.97727400
247934.20786300
248000.43845100
248066.66903900
248132.89962800
248199.13021600
248265.36080500
248331.59139300
248397.82198200
248464.05257000
248530.28315800
248596.51374700
248662.74433500
248728.97492400
248795.20551200
248861.43610100
248927.66668900
248993.89727700
249060.12786600
249126.35845400
249192.58904300
249258.81963100
249325.05022000
249391.28080800
249457.51139600
249523.74198500
249589.97257300
249656.20316200
249722.43375000
249788.66433900
249854.89492700
249921.12551500
249987.35610400
250053.58669200
250119.81728100
250186.04786900
250252.27845800
250318.50904600
250384.73963400
250450.97022300
250517.20081100
250583.43140000
250649.66198800
250715.89257700
250782.12316500
250848.35375300
250914.58434200
250980.81493000
251047.04551900
251113.27610700
251179.50669600
251245.73728400
251311.96787200
251378.19846100
251444.42904900
251510.65963800
251576.89022600
251643.12081500
251709.35140300
251775.58199100
251841.81258000
251908.04316800
251974.27375700
252040.50434500
252106.73493300
252172.96552200
252239.19611000
252305.42669900
252371.65728700
252437.88787600
252504.11846400
252570.34905200
252636.57964100
252702.81022900
252769.04081800
252835.27140600
252901.50199500
252967.73258300
253033.96317100
253100.19376000
253166.42434800
253232.65493700
253298.88552500
253365.11611400
253431.34670200
253497.57729000
253563.80787900
253630.03846700
253696.26905600
253762.49964400
253828.73023300
253894.96082100
253961.19140900
254027.42199800
254093.65258600
254159.88317500
254226.11376300
254292.34435200
254358.57494000
254424.80552800
254491.03611700
254557.26670500
254623.49729400
254689.72788200
254755.95847100
254822.18905900
254888.41964700
254954.65023600
255020.88082400
255087.11141300
255153.34200100
255219.57259000
255285.80317800
255352.03376600
255418.26435500
255484.49494300
255550.72553200
255616.95612000
255683.18670900
255749.41729700
255815.64788500
255881.87847400
255948.10906200
256014.33965100
256080.57023900
256146.80082800
256213.03141600
256279.26200400
256345.49259300
256411.72318100
256477.95377000
256544.18435800
256610.41494700
256676.64553500
256742.87612300
256809.10671200
256875.33730000
256941.56788900
257007.79847700
257074.02906600
257140.25965400
257206.49024200
257272.72083100
257338.95141900
257405.18200800
257471.41259600
257537.64318500
257603.87377300
257670.10436100
257736.33495000
257802.56553800
257868.79612700
257935.02671500
258001.25730400
258067.48789200
258133.71848000
258199.94906900
258266.17965700
258332.41024600
258398.64083400
258464.87142300
258531.10201100
258597.33259900
258663.56318800
258729.79377600
258796.02436500
258862.25495300
258928.48554200
258994.71613000
259060.94671800
259127.17730700
259193.40789500
259259.63848400
259325.86907200
259392.09966100
259458.33024900
259524.56083700
259590.79142600
259657.02201400
259723.25260300
259789.48319100
259855.71378000
259921.94436800
259988.17495600
260054.40554500
260120.63613300
260186.86672200
260253.09731000
260319.32789900
260385.55848700
260451.78907500
260518.01966400
260584.25025200
260650.48084100
260716.71142900
260782.94201800
260849.17260600
260915.40319400
260981.63378300
261047.86437100
261114.09496000
261180.32554800
261246.55613700
261312.78672500
261379.01731300
261445.24790200
261511.47849000
261577.70907900
261643.93966700
261710.17025600
261776.40084400
261842.63143200
261908.86202100
261975.09260900
262041.32319800
262107.55378600
262173.78437500
262240.01496300
262306.24555100
262372.47614000
262438.70672800
262504.93731700
262571.16790500
262637.39849400
262703.62908200
262769.85967000
262836.09025900
262902.32084700
262968.55143600
263034.78202400
263101.01261300
263167.24320100
263233.47378900
263299.70437800
263365.93496600
263432.16555500
263498.39614300
263564.62673200
263630.85732000
263697.08790800
263763.31849700
263829.54908500
263895.77967400
263962.01026200
264028.24085100
264094.47143900
264160.70202700
264226.93261600
264293.16320400
264359.39379300
264425.62438100
264491.85497000
264558.08555800
264624.31614600
264690.54673500
264756.77732300
264823.00791200
264889.23850000
264955.46908900
265021.69967700
265087.93026500
265154.16085400
265220.39144200
265286.62203100
265352.85261900
265419.08320800
265485.31379600
265551.54438400
265617.77497300
265684.00556100
265750.23615000
265816.46673800
265882.69732700
265948.92791500
266015.15850300
266081.38909200
266147.61968000
266213.85026900
266280.08085700
266346.31144600
266412.54203400
266478.77262200
266545.00321100
266611.23379900
266677.46438800
266743.69497600
266809.92556500
266876.15615300
266942.38674100
267008.61733000
267074.84791800
267141.07850700
267207.30909500
267273.53968400
267339.77027200
267406.00086000
267472.23144900
267538.46203700
267604.69262600
267670.92321400
267737.15380300
267803.38439100
267869.61497900
267935.84556800
268002.07615600
268068.30674500
268134.53733300
268200.76792200
268266.99851000
268333.22909800
268399.45968700
268465.69027500
268531.92086400
268598.15145200
268664.38204100
268730.61262900
268796.84321700
268863.07380600
268929.30439400
268995.53498300
269061.76557100
269127.99616000
269194.22674800
269260.45733600
269326.68792500
269392.91851300
269459.14910200
269525.37969000
269591.61027900
269657.84086700
269724.07145500
269790.30204400
269856.53263200
269922.76322100
269988.99380900
270055.22439800
270121.45498600
270187.68557400
270253.91616300
270320.14675100
270386.37734000
270452.60792800
270518.83851700
270585.06910500
270651.29969300
270717.53028200
270783.76087000
270849.99145900
270916.22204700
270982.45263600
271048.68322400
271114.91381200
271181.14440100
271247.37498900
271313.60557800
271379.83616600
271446.06675500
271512.29734300
271578.52793100
271644.75852000
271710.98910800
271777.21969700
271843.45028500
271909.68087400
271975.91146200
272042.14205000
272108.37263900
272174.60322700
272240.83381600
272307.06440400
272373.29499300
272439.52558100
272505.75616900
272571.98675800
272638.21734600
272704.44793500
272770.67852300
272836.90911200
272903.13970000
272969.37028800
273035.60087700
273101.83146500
273168.06205400
273234.29264200
273300.52323100
273366.75381900
273432.98440700
273499.21499600
273565.44558400
273631.67617300
273697.90676100
273764.13735000
273830.36793800
273896.59852600
273962.82911500
274029.05970300
274095.29029200
274161.52088000
274227.75146900
274293.98205700
274360.21264500
274426.44323400
274492.67382200
274558.90441100
274625.13499900
274691.36558800
274757.59617600
274823.82676400
274890.05735300
274956.28794100
275022.51853000
275088.74911800
275154.97970700
275221.21029500
275287.44088400
275353.67147200
275419.90206000
275486.13264900
275552.36323700
275618.59382600
275684.82441400
275751.05500300
275817.28559100
275883.51617900
275949.74676800
276015.97735600
276082.20794500
276148.43853300
276214.66912200
276280.89971000
276347.13029800
276413.36088700
276479.59147500
276545.82206400
276612.05265200
276678.28324100
276744.51382900
276810.74441700
276876.97500600
276943.20559400
277009.43618300
277075.66677100
277141.89736000
277208.12794800
277274.35853600
277340.58912500
277406.81971300
277473.05030200
277539.28089000
277605.51147900
277671.74206700
277737.97265500
277804.20324400
277870.43383200
277936.66442100
278002.89500900
278069.12559800
278135.35618600
278201.58677400
278267.81736300
278334.04795100
278400.27854000
278466.50912800
278532.73971700
278598.97030500
278665.20089300
278731.43148200
278797.66207000
278863.89265900
278930.12324700
278996.35383600
279062.58442400
279128.81501200
279195.04560100
279261.27618900
279327.50677800
279393.73736600
279459.96795500
279526.19854300
279592.42913100
279658.65972000
279724.89030800
279791.12089700
279857.35148500
279923.58207400
279989.81266200
280056.04325000
280122.27383900
280188.50442700
280254.73501600
280320.96560400
280387.19619300
280453.42678100
280519.65736900
280585.88795800
280652.11854600
280718.34913500
280784.57972300
280850.81031200
280917.04090000
280983.27148800
281049.50207700
281115.73266500
281181.96325400
281248.19384200
281314.42443100
281380.65501900
281446.88560700
281513.11619600
281579.34678400
281645.57737300
281711.80796100
281778.03855000
281844.26913800
281910.49972600
281976.73031500
282042.96090300
282109.19149200
282175.42208000
282241.65266900
282307.88325700
282374.11384500
282440.34443400
282506.57502200
282572.80561100
282639.03619900
282705.26678800
282771.49737600
282837.72796400
282903.95855300
282970.18914100
283036.41973000
283102.65031800
283168.88090700
283235.11149500
283301.34208300
283367.57267200
283433.80326000
283500.03384900
283566.26443700
283632.49502600
283698.72561400
283764.95620300
283831.18679100
283897.41737900
283963.64796800
284029.87855600
284096.10914500
284162.33973300
284228.57032200
284294.80091000
284361.03149800
284427.26208700
284493.49267500
284559.72326400
284625.95385200
284692.18444100
284758.41502900
284824.64561700
284890.87620600
284957.10679400
285023.33738300
285089.56797100
285155.79856000
285222.02914800
285288.25973600
285354.49032500
285420.72091300
285486.95150200
285553.18209000
285619.41267900
285685.64326700
285751.87385500
285818.10444400
285884.33503200
285950.56562100
286016.79620900
286083.02679800
286149.25738600
286215.48797400
286281.71856300
286347.94915100
286414.17974000
286480.41032800
286546.64091700
286612.87150500
286679.10209300
286745.33268200
286811.56327000
286877.79385900
286944.02444700
287010.25503600
287076.48562400
287142.71621200
287208.94680100
287275.17738900
287341.40797800
287407.63856600
287473.86915500
287540.09974300
287606.33033100
287672.56092000
287738.79150800
287805.02209700
287871.25268500
287937.48327400
288003.71386200
288069.94445000
288136.17503900
288202.40562700
288268.63621600
288334.86680400
288401.09739300
288467.32798100
288533.55856900
288599.78915800
288666.01974600
288732.25033500
288798.48092300
288864.71151200
288930.94210000
288997.17268800
289063.40327700
289129.63386500
289195.86445400
289262.09504200
289328.32563100
289394.55621900
289460.78680700
289527.01739600
289593.24798400
289659.47857300
289725.70916100
289791.93975000
289858.17033800
289924.40092700
289990.63151500
290056.86210300
290123.09269200
290189.32328000
290255.55386900
290321.78445700
290388.01504600
290454.24563400
290520.47622200
290586.70681100
290652.93739900
290719.16798800
290785.39857600
290851.62916500
290917.85975300
290984.09034100
291050.32093000
291116.55151800
291182.78210700
291249.01269500
291315.24328400
291381.47387200
291447.70446000
291513.93504900
291580.16563700
291646.39622600
291712.62681400
291778.85740300
291845.08799100
291911.31857900
291977.54916800
292043.77975600
292110.01034500
292176.24093300
292242.47152200
292308.70211000
292374.93269800
292441.16328700
292507.39387500
292573.62446400
292639.85505200
292706.08564100
292772.31622900
292838.54681700
292904.77740600
292971.00799400
293037.23858300
293103.46917100
293169.69976000
293235.93034800
293302.16093600
293368.39152500
293434.62211300
293500.85270200
293567.08329000
293633.31387900
293699.54446700
293765.77505500
293832.00564400
293898.23623200
293964.46682100
294030.69740900
294096.92799800
294163.15858600
294229.38917400
294295.61976300
294361.85035100
294428.08094000
294494.31152800
294560.54211700
294626.77270500
294693.00329400
294759.23388200
294825.46447000
294891.69505900
294957.92564700
295024.15623600
295090.38682400
295156.61741300
295222.84800100
295289.07858900
295355.30917800
295421.53976600
295487.77035500
295554.00094300
295620.23153200
295686.46212000
295752.69270800
295818.92329700
295885.15388500
295951.38447400
296017.61506200
296083.84565100
296150.07623900
296216.30682700
296282.53741600
296348.76800400
296414.99859300
296481.22918100
296547.45977000
296613.69035800
296679.92094600
296746.15153500
296812.38212300
296878.61271200
296944.84330000
297011.07388900
297077.30447700
297143.53506500
297209.76565400
297275.99624200
297342.22683100
297408.45741900
297474.68800800
297540.91859600
297607.14918400
297673.37977300
297739.61036100
297805.84095000
297872.07153800
297938.30212700
298004.53271500
298070.76330300
298136.99389200
298203.22448000
298269.45506900
298335.68565700
298401.91624600
298468.14683400
298534.37742200
298600.60801100
298666.83859900
298733.06918800
298799.29977600
298865.53036500
298931.76095300
298997.99154100
299064.22213000
299130.45271800
299196.68330700
299262.91389500
299329.14448400
299395.37507200
299461.60566100
299527.83624900
299594.06683700
299660.29742600
299726.52801400
299792.75860300
299858.98919100
299925.21978000
299991.45036800
300057.68095600
300123.91154500
300190.14213300
300256.37272200
300322.60331000
300388.83389900
300455.06448700
300521.29507500
300587.52566400
300653.75625200
300719.98684100
300786.21742900
300852.44801800
300918.67860600
300984.90919400
301051.13978300
301117.37037100
301183.60096000
301249.83154800
301316.06213700
301382.29272500
301448.52331300
301514.75390200
301580.98449000
301647.21507900
301713.44566700
301779.67625600
301845.90684400
301912.13743200
301978.36802100
302044.59860900
302110.82919800
302177.05978600
302243.29037500
302309.52096300
302375.75155100
302441.98214000
302508.21272800
302574.44331700
302640.67390500
302706.90449400
302773.13508200
302839.36567000
302905.59625900
302971.82684700
303038.05743600
303104.28802400
303170.51861300
303236.74920100
303302.97979000
303369.21037800
303435.44096600
303501.67155500
303567.90214300
303634.13273200
303700.36332000
303766.59390900
303832.82449700
303899.05508500
303965.28567400
304031.51626200
304097.74685100
304163.97743900
304230.20802800
304296.43861600
304362.66920400
304428.89979300
304495.13038100
304561.36097000
304627.59155800
304693.82214700
304760.05273500
304826.28332300
304892.51391200
304958.74450000
305024.97508900
305091.20567700
305157.43626600
305223.66685400
305289.89744200
305356.12803100
305422.35861900
305488.58920800
305554.81979600
305621.05038500
305687.28097300
305753.51156100
305819.74215000
305885.97273800
305952.20332700
306018.43391500
306084.66450400
306150.89509200
306217.12568000
306283.35626900
306349.58685700
306415.81744600
306482.04803400
306548.27862300
306614.50921100
306680.73979900
306746.97038800
306813.20097600
306879.43156500
306945.66215300
307011.89274200
307078.12333000
307144.35391900
307210.58450700
307276.81509500
307343.04568400
307409.27627200
307475.50686100
307541.73744900
307607.96803800
307674.19862600
307740.42921400
307806.65980300
307872.89039100
307939.12098000
308005.35156800
308071.58215700
308137.81274500
308204.04333300
308270.27392200
308336.50451000
308402.73509900
308468.96568700
308535.19627600
308601.42686400
308667.65745200
308733.88804100
308800.11862900
308866.34921800
308932.57980600
308998.81039500
309065.04098300
309131.27157100
309197.50216000
309263.73274800
309329.96333700
309396.19392500
309462.42451400
309528.65510200
309594.88569000
309661.11627900
309727.34686700
309793.57745600
309859.80804400
309926.03863300
309992.26922100
310058.49980900
310124.73039800
310190.96098600
310257.19157500
310323.42216300
310389.65275200
310455.88334000
310522.11392900
310588.34451700
310654.57510500
310720.80569400
310787.03628200
310853.26687100
310919.49745900
310985.72804800
311051.95863600
311118.18922400
311184.41981300
311250.65040100
311316.88099000
311383.11157800
311449.34216700
311515.57275500
311581.80334300
311648.03393200
311714.26452000
311780.49510900
311846.72569700
311912.95628600
311979.18687400
312045.41746200
312111.64805100
312177.87863900
312244.10922800
312310.33981600
312376.57040500
312442.80099300
312509.03158100
312575.26217000
312641.49275800
312707.72334700
312773.95393500
312840.18452400
312906.41511200
312972.64570000
313038.87628900
313105.10687700
313171.33746600
313237.56805400
313303.79864300
313370.02923100
313436.25981900
313502.49040800
313568.72099600
313634.95158500
313701.18217300
313767.41276200
313833.64335000
313899.87393900
313966.10452700
314032.33511500
314098.56570400
314164.79629200
314231.02688100
314297.25746900
314363.48805800
314429.71864600
314495.94923400
314562.17982300
314628.41041100
314694.64100000
314760.87158800
314827.10217700
314893.33276500
314959.56335300
315025.79394200
315092.02453000
315158.25511900
315224.48570700
315290.71629600
315356.94688400
315423.17747200
315489.40806100
315555.63864900
315621.86923800
315688.09982600
315754.33041500
315820.56100300
315886.79159100
315953.02218000
316019.25276800
316085.48335700
316151.71394500
316217.94453400
316284.17512200
316350.40571000
316416.63629900
316482.86688700
316549.09747600
316615.32806400
316681.55865300
316747.78924100
316814.01983000
316880.25041800
316946.48100600
317012.71159500
317078.94218300
317145.17277200
317211.40336000
317277.63394900
317343.86453700
317410.09512500
317476.32571400
317542.55630200
317608.78689100
317675.01747900
317741.24806800
317807.47865600
317873.70924400
317939.93983300
318006.17042100
318072.40101000
318138.63159800
318204.86218700
318271.09277500
318337.32336300
318403.55395200
318469.78454000
318536.01512900
318602.24571700
318668.47630600
318734.70689400
318800.93748200
318867.16807100
318933.39865900
318999.62924800
319065.85983600
319132.09042500
319198.32101300
319264.55160100
319330.78219000
319397.01277800
319463.24336700
319529.47395500
319595.70454400
319661.93513200
319728.16572100
319794.39630900
319860.62689700
319926.85748600
319993.08807400
320059.31866300
320125.54925100
320191.77984000
320258.01042800
320324.24101600
320390.47160500
320456.70219300
320522.93278200
320589.16337000
320655.39395900
320721.62454700
320787.85513500
320854.08572400
320920.31631200
320986.54690100
321052.77748900
321119.00807800
321185.23866600
321251.46925400
321317.69984300
321383.93043100
321450.16102000
321516.39160800
321582.62219700
321648.85278500
321715.08337300
321781.31396200
321847.54455000
321913.77513900
321980.00572700
322046.23631600
322112.46690400
322178.69749200
322244.92808100
322311.15866900
322377.38925800
322443.61984600
322509.85043500
322576.08102300
322642.31161200
322708.54220000
322774.77278800
322841.00337700
322907.23396500
322973.46455400
323039.69514200
323105.92573100
323172.15631900
323238.38690700
323304.61749600
323370.84808400
323437.07867300
323503.30926100
323569.53985000
323635.77043800
323702.00102600
323768.23161500
323834.46220300
323900.69279200
323966.92338000
324033.15396900
324099.38455700
324165.61514500
324231.84573400
324298.07632200
324364.30691100
324430.53749900
324496.76808800
324562.99867600
324629.22926400
324695.45985300
324761.69044100
324827.92103000
324894.15161800
324960.38220700
325026.61279500
325092.84338300
325159.07397200
325225.30456000
325291.53514900
325357.76573700
325423.99632600
325490.22691400
325556.45750300
325622.68809100
325688.91867900
325755.14926800
325821.37985600
325887.61044500
325953.84103300
326020.07162200
326086.30221000
326152.53279800
326218.76338700
326284.99397500
326351.22456400
326417.45515200
326483.68574100
326549.91632900
326616.14691700
326682.37750600
326748.60809400
326814.83868300
326881.06927100
326947.29986000
327013.53044800
327079.76103600
327145.99162500
327212.22221300
327278.45280200
327344.68339000
327410.91397900
327477.14456700
327543.37515500
327609.60574400
327675.83633200
327742.06692100
327808.29750900
327874.52809800
327940.75868600
328006.98927500
328073.21986300
328139.45045100
328205.68104000
328271.91162800
328338.14221700
328404.37280500
328470.60339400
328536.83398200
328603.06457000
328669.29515900
328735.52574700
328801.75633600
328867.98692400
328934.21751300
329000.44810100
329066.67868900
329132.90927800
329199.13986600
329265.37045500
329331.60104300
329397.83163200
329464.06222000
329530.29280800
329596.52339700
329662.75398500
329728.98457400
329795.21516200
329861.44575100
329927.67633900
329993.90692700
330060.13751600
330126.36810400
330192.59869300
330258.82928100
330325.05987000
330391.29045800
330457.52104600
330523.75163500
330589.98222300
330656.21281200
330722.44340000
330788.67398900
330854.90457700
330921.13516600
330987.36575400
331053.59634200
